-5.000000e-002	0.000000e+000	-5.000000e-002	9.056053e-007	2.539243e-007	2.171826e-004	2.171846e-004
-5.000000e-002	0.000000e+000	-4.655172e-002	-6.248286e-005	2.699973e-007	1.741300e-004	1.850012e-004
-5.000000e-002	0.000000e+000	-4.310345e-002	-6.573988e-005	2.855478e-007	1.164984e-004	1.337673e-004
-5.000000e-002	0.000000e+000	-3.965517e-002	-5.032724e-005	3.004554e-007	8.107798e-005	9.542830e-005
-5.000000e-002	0.000000e+000	-3.620690e-002	-3.579164e-005	3.146020e-007	5.969512e-005	6.960350e-005
-5.000000e-002	0.000000e+000	-3.275862e-002	-2.502653e-005	3.278734e-007	4.553585e-005	5.196103e-005
-5.000000e-002	0.000000e+000	-2.931034e-002	-1.746972e-005	3.401606e-007	3.542822e-005	3.950273e-005
-5.000000e-002	0.000000e+000	-2.586207e-002	-1.221202e-005	3.513614e-007	2.783299e-005	3.039625e-005
-5.000000e-002	0.000000e+000	-2.241379e-002	-8.537458e-006	3.613815e-007	2.190365e-005	2.351146e-005
-5.000000e-002	0.000000e+000	-1.896552e-002	-5.952455e-006	3.701359e-007	1.712120e-005	1.813020e-005
-5.000000e-002	0.000000e+000	-1.551724e-002	-4.130547e-006	3.775497e-007	1.314222e-005	1.378122e-005
-5.000000e-002	0.000000e+000	-1.206897e-002	-2.859052e-006	3.835592e-007	9.726781e-006	1.014552e-005
-5.000000e-002	0.000000e+000	-8.620690e-003	-2.000963e-006	3.881125e-007	6.699256e-006	7.002465e-006
-5.000000e-002	0.000000e+000	-5.172414e-003	-1.470203e-006	3.911701e-007	3.924643e-006	4.209196e-006
-5.000000e-002	0.000000e+000	-1.724138e-003	-1.216436e-006	3.927056e-007	1.292823e-006	1.818056e-006
-5.000000e-002	0.000000e+000	1.724138e-003	-1.216436e-006	3.927056e-007	-1.292823e-006	1.818056e-006
-5.000000e-002	0.000000e+000	5.172414e-003	-1.470203e-006	3.911701e-007	-3.924643e-006	4.209196e-006
-5.000000e-002	0.000000e+000	8.620690e-003	-2.000963e-006	3.881125e-007	-6.699256e-006	7.002465e-006
-5.000000e-002	0.000000e+000	1.206897e-002	-2.859052e-006	3.835592e-007	-9.726781e-006	1.014552e-005
-5.000000e-002	0.000000e+000	1.551724e-002	-4.130547e-006	3.775497e-007	-1.314222e-005	1.378122e-005
-5.000000e-002	0.000000e+000	1.896552e-002	-5.952455e-006	3.701359e-007	-1.712120e-005	1.813020e-005
-5.000000e-002	0.000000e+000	2.241379e-002	-8.537458e-006	3.613815e-007	-2.190365e-005	2.351146e-005
-5.000000e-002	0.000000e+000	2.586207e-002	-1.221202e-005	3.513614e-007	-2.783299e-005	3.039625e-005
-5.000000e-002	0.000000e+000	2.931034e-002	-1.746972e-005	3.401606e-007	-3.542822e-005	3.950273e-005
-5.000000e-002	0.000000e+000	3.275862e-002	-2.502653e-005	3.278734e-007	-4.553585e-005	5.196103e-005
-5.000000e-002	0.000000e+000	3.620690e-002	-3.579164e-005	3.146020e-007	-5.969512e-005	6.960350e-005
-5.000000e-002	0.000000e+000	3.965517e-002	-5.032724e-005	3.004554e-007	-8.107798e-005	9.542830e-005
-5.000000e-002	0.000000e+000	4.310345e-002	-6.573988e-005	2.855478e-007	-1.164984e-004	1.337673e-004
-5.000000e-002	0.000000e+000	4.655172e-002	-6.248286e-005	2.699973e-007	-1.741300e-004	1.850012e-004
-5.000000e-002	0.000000e+000	5.000000e-002	9.056053e-007	2.539243e-007	-2.171826e-004	2.171846e-004
-4.655172e-002	0.000000e+000	-5.000000e-002	1.111485e-006	2.543871e-007	1.670411e-004	1.670450e-004
-4.655172e-002	0.000000e+000	-4.655172e-002	-2.061787e-005	2.705150e-007	1.518546e-004	1.532481e-004
-4.655172e-002	0.000000e+000	-4.310345e-002	-2.725746e-005	2.861191e-007	1.207928e-004	1.238303e-004
-4.655172e-002	0.000000e+000	-3.965517e-002	-2.357875e-005	3.010787e-007	9.149773e-005	9.448747e-005
-4.655172e-002	0.000000e+000	-3.620690e-002	-1.740272e-005	3.152751e-007	6.896739e-005	7.112985e-005
-4.655172e-002	0.000000e+000	-3.275862e-002	-1.195477e-005	3.285935e-007	5.246050e-005	5.380640e-005
-4.655172e-002	0.000000e+000	-2.931034e-002	-7.844053e-006	3.409247e-007	4.034899e-005	4.110579e-005
-4.655172e-002	0.000000e+000	-2.586207e-002	-4.888596e-006	3.521657e-007	3.129262e-005	3.167413e-005
-4.655172e-002	0.000000e+000	-2.241379e-002	-2.787853e-006	3.622221e-007	2.434131e-005	2.450312e-005
-4.655172e-002	0.000000e+000	-1.896552e-002	-1.294265e-006	3.710083e-007	1.884445e-005	1.889248e-005
-4.655172e-002	0.000000e+000	-1.551724e-002	-2.330226e-007	3.784491e-007	1.435604e-005	1.436291e-005
-4.655172e-002	0.000000e+000	-1.206897e-002	5.127076e-007	3.844805e-007	1.056488e-005	1.058430e-005
-4.655172e-002	0.000000e+000	-8.620690e-003	1.018894e-006	3.890505e-007	7.247143e-006	7.328751e-006
-4.655172e-002	0.000000e+000	-5.172414e-003	1.333388e-006	3.921193e-007	4.234653e-006	4.456901e-006
-4.655172e-002	0.000000e+000	-1.724138e-003	1.484181e-006	3.936604e-007	1.393189e-006	2.073340e-006
-4.655172e-002	0.000000e+000	1.724138e-003	1.484181e-006	3.936604e-007	-1.393189e-006	2.073340e-006
-4.655172e-002	0.000000e+000	5.172414e-003	1.333388e-006	3.921193e-007	-4.234653e-006	4.456901e-006
-4.655172e-002	0.000000e+000	8.620690e-003	1.018894e-006	3.890505e-007	-7.247143e-006	7.328751e-006
-4.655172e-002	0.000000e+000	1.206897e-002	5.127076e-007	3.844805e-007	-1.056488e-005	1.058430e-005
-4.655172e-002	0.000000e+000	1.551724e-002	-2.330226e-007	3.784491e-007	-1.435604e-005	1.436291e-005
-4.655172e-002	0.000000e+000	1.896552e-002	-1.294265e-006	3.710083e-007	-1.884445e-005	1.889248e-005
-4.655172e-002	0.000000e+000	2.241379e-002	-2.787853e-006	3.622221e-007	-2.434131e-005	2.450312e-005
-4.655172e-002	0.000000e+000	2.586207e-002	-4.888596e-006	3.521657e-007	-3.129262e-005	3.167413e-005
-4.655172e-002	0.000000e+000	2.931034e-002	-7.844053e-006	3.409247e-007	-4.034899e-005	4.110579e-005
-4.655172e-002	0.000000e+000	3.275862e-002	-1.195477e-005	3.285935e-007	-5.246050e-005	5.380640e-005
-4.655172e-002	0.000000e+000	3.620690e-002	-1.740272e-005	3.152751e-007	-6.896739e-005	7.112985e-005
-4.655172e-002	0.000000e+000	3.965517e-002	-2.357875e-005	3.010787e-007	-9.149773e-005	9.448747e-005
-4.655172e-002	0.000000e+000	4.310345e-002	-2.725746e-005	2.861191e-007	-1.207928e-004	1.238303e-004
-4.655172e-002	0.000000e+000	4.655172e-002	-2.061787e-005	2.705150e-007	-1.518546e-004	1.532481e-004
-4.655172e-002	0.000000e+000	5.000000e-002	1.111485e-006	2.543871e-007	-1.670411e-004	1.670450e-004
-4.310345e-002	0.000000e+000	-5.000000e-002	1.318612e-006	2.545478e-007	1.549639e-004	1.549697e-004
-4.310345e-002	0.000000e+000	-4.655172e-002	1.103612e-006	2.706947e-007	1.446125e-004	1.446170e-004
-4.310345e-002	0.000000e+000	-4.310345e-002	1.227371e-006	2.863174e-007	1.206346e-004	1.206412e-004
-4.310345e-002	0.000000e+000	-3.965517e-002	1.625835e-006	3.012951e-007	9.441125e-005	9.442573e-005
-4.310345e-002	0.000000e+000	-3.620690e-002	2.103677e-006	3.155088e-007	7.216065e-005	7.219200e-005
-4.310345e-002	0.000000e+000	-3.275862e-002	2.553912e-006	3.288436e-007	5.505819e-005	5.511837e-005
-4.310345e-002	0.000000e+000	-2.931034e-002	2.945914e-006	3.411900e-007	4.228282e-005	4.238669e-005
-4.310345e-002	0.000000e+000	-2.586207e-002	3.278431e-006	3.524451e-007	3.269693e-005	3.286277e-005
-4.310345e-002	0.000000e+000	-2.241379e-002	3.557107e-006	3.625140e-007	2.535805e-005	2.560888e-005
-4.310345e-002	0.000000e+000	-1.896552e-002	3.787625e-006	3.713113e-007	1.958124e-005	1.994765e-005
-4.310345e-002	0.000000e+000	-1.551724e-002	3.974363e-006	3.787614e-007	1.488687e-005	1.541291e-005
-4.310345e-002	0.000000e+000	-1.206897e-002	4.120495e-006	3.848005e-007	1.093866e-005	1.169534e-005
-4.310345e-002	0.000000e+000	-8.620690e-003	4.228287e-006	3.893762e-007	7.495360e-006	8.614548e-006
-4.310345e-002	0.000000e+000	-5.172414e-003	4.299313e-006	3.924490e-007	4.376645e-006	6.147612e-006
-4.310345e-002	0.000000e+000	-1.724138e-003	4.334579e-006	3.939921e-007	1.439417e-006	4.584291e-006
-4.310345e-002	0.000000e+000	1.724138e-003	4.334579e-006	3.939921e-007	-1.439417e-006	4.584291e-006
-4.310345e-002	0.000000e+000	5.172414e-003	4.299313e-006	3.924490e-007	-4.376645e-006	6.147612e-006
-4.310345e-002	0.000000e+000	8.620690e-003	4.228287e-006	3.893762e-007	-7.495360e-006	8.614548e-006
-4.310345e-002	0.000000e+000	1.206897e-002	4.120495e-006	3.848005e-007	-1.093866e-005	1.169534e-005
-4.310345e-002	0.000000e+000	1.551724e-002	3.974363e-006	3.787614e-007	-1.488687e-005	1.541291e-005
-4.310345e-002	0.000000e+000	1.896552e-002	3.787625e-006	3.713113e-007	-1.958124e-005	1.994765e-005
-4.310345e-002	0.000000e+000	2.241379e-002	3.557107e-006	3.625140e-007	-2.535805e-005	2.560888e-005
-4.310345e-002	0.000000e+000	2.586207e-002	3.278431e-006	3.524451e-007	-3.269693e-005	3.286277e-005
-4.310345e-002	0.000000e+000	2.931034e-002	2.945914e-006	3.411900e-007	-4.228282e-005	4.238669e-005
-4.310345e-002	0.000000e+000	3.275862e-002	2.553912e-006	3.288436e-007	-5.505819e-005	5.511837e-005
-4.310345e-002	0.000000e+000	3.620690e-002	2.103677e-006	3.155088e-007	-7.216065e-005	7.219200e-005
-4.310345e-002	0.000000e+000	3.965517e-002	1.625835e-006	3.012951e-007	-9.441125e-005	9.442573e-005
-4.310345e-002	0.000000e+000	4.310345e-002	1.227371e-006	2.863174e-007	-1.206346e-004	1.206412e-004
-4.310345e-002	0.000000e+000	4.655172e-002	1.103612e-006	2.706947e-007	-1.446125e-004	1.446170e-004
-4.310345e-002	0.000000e+000	5.000000e-002	1.318612e-006	2.545478e-007	-1.549639e-004	1.549697e-004
-3.965517e-002	0.000000e+000	-5.000000e-002	1.524145e-006	2.544053e-007	1.662438e-004	1.662509e-004
-3.965517e-002	0.000000e+000	-4.655172e-002	2.238775e-005	2.705353e-007	1.516857e-004	1.533292e-004
-3.965517e-002	0.000000e+000	-4.310345e-002	2.942632e-005	2.861415e-007	1.214693e-004	1.249832e-004
-3.965517e-002	0.000000e+000	-3.965517e-002	2.677355e-005	3.011031e-007	9.248177e-005	9.627976e-005
-3.965517e-002	0.000000e+000	-3.620690e-002	2.165108e-005	3.153015e-007	6.993136e-005	7.320699e-005
-3.965517e-002	0.000000e+000	-3.275862e-002	1.712577e-005	3.286218e-007	5.330766e-005	5.599203e-005
-3.965517e-002	0.000000e+000	-2.931034e-002	1.379711e-005	3.409547e-007	4.107014e-005	4.332705e-005
-3.965517e-002	0.000000e+000	-2.586207e-002	1.150023e-005	3.521974e-007	3.189959e-005	3.391111e-005
-3.965517e-002	0.000000e+000	-2.241379e-002	9.951077e-006	3.622551e-007	2.484712e-005	2.676816e-005
-3.965517e-002	0.000000e+000	-1.896552e-002	8.914229e-006	3.710425e-007	1.925923e-005	2.122544e-005
-3.965517e-002	0.000000e+000	-1.551724e-002	8.223382e-006	3.784844e-007	1.468713e-005	1.683684e-005
-3.965517e-002	0.000000e+000	-1.206897e-002	7.767720e-006	3.845167e-007	1.081755e-005	1.332309e-005
-3.965517e-002	0.000000e+000	-8.620690e-003	7.475585e-006	3.890873e-007	7.425110e-006	1.054362e-005
-3.965517e-002	0.000000e+000	-5.172414e-003	7.302159e-006	3.921566e-007	4.340448e-006	8.503811e-006
-3.965517e-002	0.000000e+000	-1.724138e-003	7.221416e-006	3.936980e-007	1.428291e-006	7.371829e-006
-3.965517e-002	0.000000e+000	1.724138e-003	7.221416e-006	3.936980e-007	-1.428291e-006	7.371829e-006
-3.965517e-002	0.000000e+000	5.172414e-003	7.302159e-006	3.921566e-007	-4.340448e-006	8.503811e-006
-3.965517e-002	0.000000e+000	8.620690e-003	7.475585e-006	3.890873e-007	-7.425110e-006	1.054362e-005
-3.965517e-002	0.000000e+000	1.206897e-002	7.767720e-006	3.845167e-007	-1.081755e-005	1.332309e-005
-3.965517e-002	0.000000e+000	1.551724e-002	8.223382e-006	3.784844e-007	-1.468713e-005	1.683684e-005
-3.965517e-002	0.000000e+000	1.896552e-002	8.914229e-006	3.710425e-007	-1.925923e-005	2.122544e-005
-3.965517e-002	0.000000e+000	2.241379e-002	9.951077e-006	3.622551e-007	-2.484712e-005	2.676816e-005
-3.965517e-002	0.000000e+000	2.586207e-002	1.150023e-005	3.521974e-007	-3.189959e-005	3.391111e-005
-3.965517e-002	0.000000e+000	2.931034e-002	1.379711e-005	3.409547e-007	-4.107014e-005	4.332705e-005
-3.965517e-002	0.000000e+000	3.275862e-002	1.712577e-005	3.286218e-007	-5.330766e-005	5.599203e-005
-3.965517e-002	0.000000e+000	3.620690e-002	2.165108e-005	3.153015e-007	-6.993136e-005	7.320699e-005
-3.965517e-002	0.000000e+000	3.965517e-002	2.677355e-005	3.011031e-007	-9.248177e-005	9.627976e-005
-3.965517e-002	0.000000e+000	4.310345e-002	2.942632e-005	2.861415e-007	-1.214693e-004	1.249832e-004
-3.965517e-002	0.000000e+000	4.655172e-002	2.238775e-005	2.705353e-007	-1.516857e-004	1.533292e-004
-3.965517e-002	0.000000e+000	5.000000e-002	1.524145e-006	2.544053e-007	-1.662438e-004	1.662509e-004
-3.620690e-002	0.000000e+000	-5.000000e-002	1.725166e-006	2.539605e-007	2.135743e-004	2.135814e-004
-3.620690e-002	0.000000e+000	-4.655172e-002	6.206546e-005	2.700379e-007	1.738560e-004	1.846025e-004
-3.620690e-002	0.000000e+000	-4.310345e-002	6.711065e-005	2.855925e-007	1.185528e-004	1.362303e-004
-3.620690e-002	0.000000e+000	-3.965517e-002	5.351436e-005	3.005042e-007	8.334565e-005	9.904733e-005
-3.620690e-002	0.000000e+000	-3.620690e-002	4.023150e-005	3.146547e-007	6.169391e-005	7.365332e-005
-3.620690e-002	0.000000e+000	-3.275862e-002	3.040557e-005	3.279297e-007	4.723006e-005	5.617192e-005
-3.620690e-002	0.000000e+000	-2.931034e-002	2.360892e-005	3.402204e-007	3.685630e-005	4.377081e-005
-3.620690e-002	0.000000e+000	-2.586207e-002	1.898668e-005	3.514243e-007	2.903362e-005	3.469249e-005
-3.620690e-002	0.000000e+000	-2.241379e-002	1.584613e-005	3.614473e-007	2.290530e-005	2.785468e-005
-3.620690e-002	0.000000e+000	-1.896552e-002	1.370535e-005	3.702042e-007	1.794364e-005	2.258203e-005
-3.620690e-002	0.000000e+000	-1.551724e-002	1.224494e-005	3.776201e-007	1.379933e-005	1.845272e-005
-3.620690e-002	0.000000e+000	-1.206897e-002	1.125714e-005	3.836313e-007	1.022849e-005	1.521487e-005
-3.620690e-002	0.000000e+000	-8.620690e-003	1.060861e-005	3.881859e-007	7.052724e-006	1.274497e-005
-3.620690e-002	0.000000e+000	-5.172414e-003	1.021602e-005	3.912445e-007	4.134787e-006	1.102799e-005
-3.620690e-002	0.000000e+000	-1.724138e-003	1.003087e-005	3.927804e-007	1.362550e-006	1.013060e-005
-3.620690e-002	0.000000e+000	1.724138e-003	1.003087e-005	3.927804e-007	-1.362550e-006	1.013060e-005
-3.620690e-002	0.000000e+000	5.172414e-003	1.021602e-005	3.912445e-007	-4.134787e-006	1.102799e-005
-3.620690e-002	0.000000e+000	8.620690e-003	1.060861e-005	3.881859e-007	-7.052724e-006	1.274497e-005
-3.620690e-002	0.000000e+000	1.206897e-002	1.125714e-005	3.836313e-007	-1.022849e-005	1.521487e-005
-3.620690e-002	0.000000e+000	1.551724e-002	1.224494e-005	3.776201e-007	-1.379933e-005	1.845272e-005
-3.620690e-002	0.000000e+000	1.896552e-002	1.370535e-005	3.702042e-007	-1.794364e-005	2.258203e-005
-3.620690e-002	0.000000e+000	2.241379e-002	1.584613e-005	3.614473e-007	-2.290530e-005	2.785468e-005
-3.620690e-002	0.000000e+000	2.586207e-002	1.898668e-005	3.514243e-007	-2.903362e-005	3.469249e-005
-3.620690e-002	0.000000e+000	2.931034e-002	2.360892e-005	3.402204e-007	-3.685630e-005	4.377081e-005
-3.620690e-002	0.000000e+000	3.275862e-002	3.040557e-005	3.279297e-007	-4.723006e-005	5.617192e-005
-3.620690e-002	0.000000e+000	3.620690e-002	4.023150e-005	3.146547e-007	-6.169391e-005	7.365332e-005
-3.620690e-002	0.000000e+000	3.965517e-002	5.351436e-005	3.005042e-007	-8.334565e-005	9.904733e-005
-3.620690e-002	0.000000e+000	4.310345e-002	6.711065e-005	2.855925e-007	-1.185528e-004	1.362303e-004
-3.620690e-002	0.000000e+000	4.655172e-002	6.206546e-005	2.700379e-007	-1.738560e-004	1.846025e-004
-3.620690e-002	0.000000e+000	5.000000e-002	1.725166e-006	2.539605e-007	-2.135743e-004	2.135814e-004
-3.275862e-002	0.000000e+000	-5.000000e-002	1.918757e-006	2.532160e-007	4.079916e-004	4.079962e-004
-3.275862e-002	0.000000e+000	-4.655172e-002	1.730681e-004	2.692055e-007	1.858008e-004	2.539185e-004
-3.275862e-002	0.000000e+000	-4.310345e-002	1.163177e-004	2.846741e-007	9.146970e-005	1.479750e-004
-3.275862e-002	0.000000e+000	-3.965517e-002	7.787438e-005	2.995023e-007	6.150628e-005	9.923472e-005
-3.275862e-002	0.000000e+000	-3.620690e-002	5.497866e-005	3.135728e-007	4.681053e-005	7.220787e-005
-3.275862e-002	0.000000e+000	-3.275862e-002	4.063384e-005	3.267723e-007	3.729207e-005	5.515355e-005
-3.275862e-002	0.000000e+000	-2.931034e-002	3.128443e-005	3.389925e-007	3.019276e-005	4.347911e-005
-3.275862e-002	0.000000e+000	-2.586207e-002	2.502944e-005	3.501318e-007	2.452382e-005	3.504302e-005
-3.275862e-002	0.000000e+000	-2.241379e-002	2.076966e-005	3.600967e-007	1.982505e-005	2.871482e-005
-3.275862e-002	0.000000e+000	-1.896552e-002	1.783572e-005	3.688026e-007	1.582778e-005	2.384885e-005
-3.275862e-002	0.000000e+000	-1.551724e-002	1.580744e-005	3.761752e-007	1.234880e-005	2.006264e-005
-3.275862e-002	0.000000e+000	-1.206897e-002	1.441689e-005	3.821512e-007	9.251194e-006	1.713410e-005
-3.275862e-002	0.000000e+000	-8.620690e-003	1.349289e-005	3.866791e-007	6.426710e-006	1.495026e-005
-3.275862e-002	0.000000e+000	-5.172414e-003	1.292826e-005	3.897196e-007	3.785707e-006	1.347677e-005
-3.275862e-002	0.000000e+000	-1.724138e-003	1.266037e-005	3.912465e-007	1.250395e-006	1.272798e-005
-3.275862e-002	0.000000e+000	1.724138e-003	1.266037e-005	3.912465e-007	-1.250395e-006	1.272798e-005
-3.275862e-002	0.000000e+000	5.172414e-003	1.292826e-005	3.897196e-007	-3.785707e-006	1.347677e-005
-3.275862e-002	0.000000e+000	8.620690e-003	1.349289e-005	3.866791e-007	-6.426710e-006	1.495026e-005
-3.275862e-002	0.000000e+000	1.206897e-002	1.441689e-005	3.821512e-007	-9.251194e-006	1.713410e-005
-3.275862e-002	0.000000e+000	1.551724e-002	1.580744e-005	3.761752e-007	-1.234880e-005	2.006264e-005
-3.275862e-002	0.000000e+000	1.896552e-002	1.783572e-005	3.688026e-007	-1.582778e-005	2.384885e-005
-3.275862e-002	0.000000e+000	2.241379e-002	2.076966e-005	3.600967e-007	-1.982505e-005	2.871482e-005
-3.275862e-002	0.000000e+000	2.586207e-002	2.502944e-005	3.501318e-007	-2.452382e-005	3.504302e-005
-3.275862e-002	0.000000e+000	2.931034e-002	3.128443e-005	3.389925e-007	-3.019276e-005	4.347911e-005
-3.275862e-002	0.000000e+000	3.275862e-002	4.063384e-005	3.267723e-007	-3.729207e-005	5.515355e-005
-3.275862e-002	0.000000e+000	3.620690e-002	5.497866e-005	3.135728e-007	-4.681053e-005	7.220787e-005
-3.275862e-002	0.000000e+000	3.965517e-002	7.787438e-005	2.995023e-007	-6.150628e-005	9.923472e-005
-3.275862e-002	0.000000e+000	4.310345e-002	1.163177e-004	2.846741e-007	-9.146970e-005	1.479750e-004
-3.275862e-002	0.000000e+000	4.655172e-002	1.730681e-004	2.692055e-007	-1.858008e-004	2.539185e-004
-3.275862e-002	0.000000e+000	5.000000e-002	1.918757e-006	2.532160e-007	-4.079916e-004	4.079962e-004
-2.931034e-002	0.000000e+000	-5.000000e-002	2.102073e-006	2.521763e-007	-1.409458e-003	1.409460e-003
-2.931034e-002	0.000000e+000	-4.655172e-002	2.768437e-004	2.680433e-007	-1.606394e-005	2.773095e-004
-2.931034e-002	0.000000e+000	-4.310345e-002	1.379049e-004	2.833921e-007	2.330132e-005	1.398599e-004
-2.931034e-002	0.000000e+000	-3.965517e-002	8.767535e-005	2.981042e-007	2.828140e-005	9.212434e-005
-2.931034e-002	0.000000e+000	-3.620690e-002	6.172434e-005	3.120636e-007	2.757595e-005	6.760491e-005
-2.931034e-002	0.000000e+000	-3.275862e-002	4.611436e-005	3.251579e-007	2.515640e-005	5.253080e-005
-2.931034e-002	0.000000e+000	-2.931034e-002	3.598912e-005	3.372800e-007	2.217000e-005	4.227103e-005
-2.931034e-002	0.000000e+000	-2.586207e-002	2.914552e-005	3.483294e-007	1.907141e-005	3.483247e-005
-2.931034e-002	0.000000e+000	-2.241379e-002	2.440835e-005	3.582134e-007	1.605647e-005	2.921825e-005
-2.931034e-002	0.000000e+000	-1.896552e-002	2.108633e-005	3.668484e-007	1.320122e-005	2.488051e-005
-2.931034e-002	0.000000e+000	-1.551724e-002	1.874937e-005	3.741608e-007	1.052175e-005	2.150317e-005
-2.931034e-002	0.000000e+000	-1.206897e-002	1.712206e-005	3.800878e-007	8.004023e-006	1.890434e-005
-2.931034e-002	0.000000e+000	-8.620690e-003	1.602674e-005	3.845784e-007	5.619307e-006	1.698767e-005
-2.931034e-002	0.000000e+000	-5.172414e-003	1.535095e-005	3.875940e-007	3.332110e-006	1.571321e-005
-2.931034e-002	0.000000e+000	-1.724138e-003	1.502842e-005	3.891083e-007	1.104100e-006	1.507395e-005
-2.931034e-002	0.000000e+000	1.724138e-003	1.502842e-005	3.891083e-007	-1.104100e-006	1.507395e-005
-2.931034e-002	0.000000e+000	5.172414e-003	1.535095e-005	3.875940e-007	-3.332110e-006	1.571321e-005
-2.931034e-002	0.000000e+000	8.620690e-003	1.602674e-005	3.845784e-007	-5.619307e-006	1.698767e-005
-2.931034e-002	0.000000e+000	1.206897e-002	1.712206e-005	3.800878e-007	-8.004023e-006	1.890434e-005
-2.931034e-002	0.000000e+000	1.551724e-002	1.874937e-005	3.741608e-007	-1.052175e-005	2.150317e-005
-2.931034e-002	0.000000e+000	1.896552e-002	2.108633e-005	3.668484e-007	-1.320122e-005	2.488051e-005
-2.931034e-002	0.000000e+000	2.241379e-002	2.440835e-005	3.582134e-007	-1.605647e-005	2.921825e-005
-2.931034e-002	0.000000e+000	2.586207e-002	2.914552e-005	3.483294e-007	-1.907141e-005	3.483247e-005
-2.931034e-002	0.000000e+000	2.931034e-002	3.598912e-005	3.372800e-007	-2.217000e-005	4.227103e-005
-2.931034e-002	0.000000e+000	3.275862e-002	4.611436e-005	3.251579e-007	-2.515640e-005	5.253080e-005
-2.931034e-002	0.000000e+000	3.620690e-002	6.172434e-005	3.120636e-007	-2.757595e-005	6.760491e-005
-2.931034e-002	0.000000e+000	3.965517e-002	8.767535e-005	2.981042e-007	-2.828140e-005	9.212434e-005
-2.931034e-002	0.000000e+000	4.310345e-002	1.379049e-004	2.833921e-007	-2.330132e-005	1.398599e-004
-2.931034e-002	0.000000e+000	4.655172e-002	2.768437e-004	2.680433e-007	1.606394e-005	2.773095e-004
-2.931034e-002	0.000000e+000	5.000000e-002	2.102073e-006	2.521763e-007	1.409458e-003	1.409460e-003
-2.586207e-002	0.000000e+000	-5.000000e-002	2.272407e-006	2.508472e-007	-2.047062e-004	2.047189e-004
-2.586207e-002	0.000000e+000	-4.655172e-002	1.181384e-004	2.665586e-007	-1.063051e-004	1.589262e-004
-2.586207e-002	0.000000e+000	-4.310345e-002	1.031958e-004	2.817549e-007	-2.920000e-005	1.072479e-004
-2.586207e-002	0.000000e+000	-3.965517e-002	7.768124e-005	2.963193e-007	-8.406854e-007	7.768636e-005
-2.586207e-002	0.000000e+000	-3.620690e-002	5.920976e-005	3.101372e-007	9.759217e-006	6.000945e-005
-2.586207e-002	0.000000e+000	-3.275862e-002	4.647034e-005	3.230978e-007	1.349768e-005	4.839199e-005
-2.586207e-002	0.000000e+000	-2.931034e-002	3.756307e-005	3.350952e-007	1.422231e-005	4.016678e-005
-2.586207e-002	0.000000e+000	-2.586207e-002	3.123027e-005	3.460303e-007	1.351760e-005	3.403197e-005
-2.586207e-002	0.000000e+000	-2.241379e-002	2.667432e-005	3.558115e-007	1.211940e-005	2.930061e-005
-2.586207e-002	0.000000e+000	-1.896552e-002	2.337815e-005	3.643563e-007	1.039458e-005	2.558746e-005
-2.586207e-002	0.000000e+000	-1.551724e-002	2.099911e-005	3.715920e-007	8.531009e-006	2.266889e-005
-2.586207e-002	0.000000e+000	-1.206897e-002	1.930760e-005	3.774567e-007	6.623065e-006	2.041545e-005
-2.586207e-002	0.000000e+000	-8.620690e-003	1.815040e-005	3.819001e-007	4.714142e-006	1.875649e-005
-2.586207e-002	0.000000e+000	-5.172414e-003	1.742803e-005	3.848838e-007	2.819286e-006	1.765879e-005
-2.586207e-002	0.000000e+000	-1.724138e-003	1.708084e-005	3.863822e-007	9.379941e-007	1.711094e-005
-2.586207e-002	0.000000e+000	1.724138e-003	1.708084e-005	3.863822e-007	-9.379941e-007	1.711094e-005
-2.586207e-002	0.000000e+000	5.172414e-003	1.742803e-005	3.848838e-007	-2.819286e-006	1.765879e-005
-2.586207e-002	0.000000e+000	8.620690e-003	1.815040e-005	3.819001e-007	-4.714142e-006	1.875649e-005
-2.586207e-002	0.000000e+000	1.206897e-002	1.930760e-005	3.774567e-007	-6.623065e-006	2.041545e-005
-2.586207e-002	0.000000e+000	1.551724e-002	2.099911e-005	3.715920e-007	-8.531009e-006	2.266889e-005
-2.586207e-002	0.000000e+000	1.896552e-002	2.337815e-005	3.643563e-007	-1.039458e-005	2.558746e-005
-2.586207e-002	0.000000e+000	2.241379e-002	2.667432e-005	3.558115e-007	-1.211940e-005	2.930061e-005
-2.586207e-002	0.000000e+000	2.586207e-002	3.123027e-005	3.460303e-007	-1.351760e-005	3.403197e-005
-2.586207e-002	0.000000e+000	2.931034e-002	3.756307e-005	3.350952e-007	-1.422231e-005	4.016678e-005
-2.586207e-002	0.000000e+000	3.275862e-002	4.647034e-005	3.230978e-007	-1.349768e-005	4.839199e-005
-2.586207e-002	0.000000e+000	3.620690e-002	5.920976e-005	3.101372e-007	-9.759217e-006	6.000945e-005
-2.586207e-002	0.000000e+000	3.965517e-002	7.768124e-005	2.963193e-007	8.406854e-007	7.768636e-005
-2.586207e-002	0.000000e+000	4.310345e-002	1.031958e-004	2.817549e-007	2.920000e-005	1.072479e-004
-2.586207e-002	0.000000e+000	4.655172e-002	1.181384e-004	2.665586e-007	1.063051e-004	1.589262e-004
-2.586207e-002	0.000000e+000	5.000000e-002	2.272407e-006	2.508472e-007	2.047062e-004	2.047189e-004
-2.241379e-002	0.000000e+000	-5.000000e-002	2.427248e-006	2.492365e-007	-9.744557e-005	9.747612e-005
-2.241379e-002	0.000000e+000	-4.655172e-002	4.994257e-005	2.647603e-007	-7.539126e-005	9.043325e-005
-2.241379e-002	0.000000e+000	-4.310345e-002	6.393281e-005	2.797729e-007	-3.954779e-005	7.517653e-005
-2.241379e-002	0.000000e+000	-3.965517e-002	5.952711e-005	2.941594e-007	-1.530919e-005	6.146490e-005
-2.241379e-002	0.000000e+000	-3.620690e-002	5.105424e-005	3.078070e-007	-2.111766e-006	5.109882e-005
-2.241379e-002	0.000000e+000	-3.275862e-002	4.311404e-005	3.206065e-007	4.545269e-006	4.335416e-005
-2.241379e-002	0.000000e+000	-2.931034e-002	3.663824e-005	3.324537e-007	7.582747e-006	3.741616e-005
-2.241379e-002	0.000000e+000	-2.586207e-002	3.158450e-005	3.432511e-007	8.602803e-006	3.273693e-005
-2.241379e-002	0.000000e+000	-2.241379e-002	2.771015e-005	3.529085e-007	8.482020e-006	2.898140e-005
-2.241379e-002	0.000000e+000	-1.896552e-002	2.477289e-005	3.613447e-007	7.712590e-006	2.594823e-005
-2.241379e-002	0.000000e+000	-1.551724e-002	2.257557e-005	3.684881e-007	6.576990e-006	2.351699e-005
-2.241379e-002	0.000000e+000	-1.206897e-002	2.096951e-005	3.742778e-007	5.238883e-006	2.161727e-005
-2.241379e-002	0.000000e+000	-8.620690e-003	1.984769e-005	3.786643e-007	3.792643e-006	2.021036e-005
-2.241379e-002	0.000000e+000	-5.172414e-003	1.913714e-005	3.816097e-007	2.291786e-006	1.927766e-005
-2.241379e-002	0.000000e+000	-1.724138e-003	1.879266e-005	3.830888e-007	7.662506e-007	1.881217e-005
-2.241379e-002	0.000000e+000	1.724138e-003	1.879266e-005	3.830888e-007	-7.662506e-007	1.881217e-005
-2.241379e-002	0.000000e+000	5.172414e-003	1.913714e-005	3.816097e-007	-2.291786e-006	1.927766e-005
-2.241379e-002	0.000000e+000	8.620690e-003	1.984769e-005	3.786643e-007	-3.792643e-006	2.021036e-005
-2.241379e-002	0.000000e+000	1.206897e-002	2.096951e-005	3.742778e-007	-5.238883e-006	2.161727e-005
-2.241379e-002	0.000000e+000	1.551724e-002	2.257557e-005	3.684881e-007	-6.576990e-006	2.351699e-005
-2.241379e-002	0.000000e+000	1.896552e-002	2.477289e-005	3.613447e-007	-7.712590e-006	2.594823e-005
-2.241379e-002	0.000000e+000	2.241379e-002	2.771015e-005	3.529085e-007	-8.482020e-006	2.898140e-005
-2.241379e-002	0.000000e+000	2.586207e-002	3.158450e-005	3.432511e-007	-8.602803e-006	3.273693e-005
-2.241379e-002	0.000000e+000	2.931034e-002	3.663824e-005	3.324537e-007	-7.582747e-006	3.741616e-005
-2.241379e-002	0.000000e+000	3.275862e-002	4.311404e-005	3.206065e-007	-4.545269e-006	4.335416e-005
-2.241379e-002	0.000000e+000	3.620690e-002	5.105424e-005	3.078070e-007	2.111766e-006	5.109882e-005
-2.241379e-002	0.000000e+000	3.965517e-002	5.952711e-005	2.941594e-007	1.530919e-005	6.146490e-005
-2.241379e-002	0.000000e+000	4.310345e-002	6.393281e-005	2.797729e-007	3.954779e-005	7.517653e-005
-2.241379e-002	0.000000e+000	4.655172e-002	4.994257e-005	2.647603e-007	7.539126e-005	9.043325e-005
-2.241379e-002	0.000000e+000	5.000000e-002	2.427248e-006	2.492365e-007	9.744557e-005	9.747612e-005
-1.896552e-002	0.000000e+000	-5.000000e-002	2.564329e-006	2.473534e-007	-5.807202e-005	5.812914e-005
-1.896552e-002	0.000000e+000	-4.655172e-002	2.690088e-005	2.626593e-007	-5.044238e-005	5.716783e-005
-1.896552e-002	0.000000e+000	-4.310345e-002	4.048091e-005	2.774587e-007	-3.407883e-005	5.291642e-005
-1.896552e-002	0.000000e+000	-3.965517e-002	4.381154e-005	2.916387e-007	-1.869360e-005	4.763388e-005
-1.896552e-002	0.000000e+000	-3.620690e-002	4.188634e-005	3.050885e-007	-7.786835e-006	4.260509e-005
-1.896552e-002	0.000000e+000	-3.275862e-002	3.817592e-005	3.177010e-007	-1.001244e-006	3.819037e-005
-1.896552e-002	0.000000e+000	-2.931034e-002	3.427152e-005	3.293740e-007	2.848433e-006	3.439126e-005
-1.896552e-002	0.000000e+000	-2.586207e-002	3.076437e-005	3.400116e-007	4.769737e-006	3.113378e-005
-1.896552e-002	0.000000e+000	-2.241379e-002	2.781915e-005	3.495254e-007	5.460995e-006	2.835225e-005
-1.896552e-002	0.000000e+000	-1.896552e-002	2.543788e-005	3.578356e-007	5.378475e-006	2.600273e-005
-1.896552e-002	0.000000e+000	-1.551724e-002	2.356976e-005	3.648719e-007	4.814856e-006	2.405929e-005
-1.896552e-002	0.000000e+000	-1.206897e-002	2.215486e-005	3.705746e-007	3.956615e-006	2.250844e-005
-1.896552e-002	0.000000e+000	-8.620690e-003	2.114042e-005	3.748950e-007	2.922203e-006	2.134472e-005
-1.896552e-002	0.000000e+000	-5.172414e-003	2.048622e-005	3.777960e-007	1.787135e-006	2.056750e-005
-1.896552e-002	0.000000e+000	-1.724138e-003	2.016569e-005	3.792528e-007	6.009091e-007	2.017821e-005
-1.896552e-002	0.000000e+000	1.724138e-003	2.016569e-005	3.792528e-007	-6.009091e-007	2.017821e-005
-1.896552e-002	0.000000e+000	5.172414e-003	2.048622e-005	3.777960e-007	-1.787135e-006	2.056750e-005
-1.896552e-002	0.000000e+000	8.620690e-003	2.114042e-005	3.748950e-007	-2.922203e-006	2.134472e-005
-1.896552e-002	0.000000e+000	1.206897e-002	2.215486e-005	3.705746e-007	-3.956615e-006	2.250844e-005
-1.896552e-002	0.000000e+000	1.551724e-002	2.356976e-005	3.648719e-007	-4.814856e-006	2.405929e-005
-1.896552e-002	0.000000e+000	1.896552e-002	2.543788e-005	3.578356e-007	-5.378475e-006	2.600273e-005
-1.896552e-002	0.000000e+000	2.241379e-002	2.781915e-005	3.495254e-007	-5.460995e-006	2.835225e-005
-1.896552e-002	0.000000e+000	2.586207e-002	3.076437e-005	3.400116e-007	-4.769737e-006	3.113378e-005
-1.896552e-002	0.000000e+000	2.931034e-002	3.427152e-005	3.293740e-007	-2.848433e-006	3.439126e-005
-1.896552e-002	0.000000e+000	3.275862e-002	3.817592e-005	3.177010e-007	1.001244e-006	3.819037e-005
-1.896552e-002	0.000000e+000	3.620690e-002	4.188634e-005	3.050885e-007	7.786835e-006	4.260509e-005
-1.896552e-002	0.000000e+000	3.965517e-002	4.381154e-005	2.916387e-007	1.869360e-005	4.763388e-005
-1.896552e-002	0.000000e+000	4.310345e-002	4.048091e-005	2.774587e-007	3.407883e-005	5.291642e-005
-1.896552e-002	0.000000e+000	4.655172e-002	2.690088e-005	2.626593e-007	5.044238e-005	5.716783e-005
-1.896552e-002	0.000000e+000	5.000000e-002	2.564329e-006	2.473534e-007	5.807202e-005	5.812914e-005
-1.551724e-002	0.000000e+000	-5.000000e-002	2.681662e-006	2.452082e-007	-3.767976e-005	3.777586e-005
-1.551724e-002	0.000000e+000	-4.655172e-002	1.735687e-005	2.602680e-007	-3.435205e-005	3.848885e-005
-1.551724e-002	0.000000e+000	-4.310345e-002	2.778561e-005	2.748265e-007	-2.620242e-005	3.819270e-005
-1.551724e-002	0.000000e+000	-3.965517e-002	3.293147e-005	2.887732e-007	-1.701851e-005	3.707013e-005
-1.551724e-002	0.000000e+000	-3.620690e-002	3.418138e-005	3.019997e-007	-9.265198e-006	3.541612e-005
-1.551724e-002	0.000000e+000	-3.275862e-002	3.328022e-005	3.144011e-007	-3.659825e-006	3.348233e-005
-1.551724e-002	0.000000e+000	-2.931034e-002	3.144669e-005	3.258773e-007	-1.166696e-008	3.144838e-005
-1.551724e-002	0.000000e+000	-2.586207e-002	2.936091e-005	3.363344e-007	2.127282e-006	2.943980e-005
-1.551724e-002	0.000000e+000	-2.241379e-002	2.735897e-005	3.456860e-007	3.187759e-006	2.754622e-005
-1.551724e-002	0.000000e+000	-1.896552e-002	2.559090e-005	3.538539e-007	3.508809e-006	2.583275e-005
-1.551724e-002	0.000000e+000	-1.551724e-002	2.411433e-005	3.607694e-007	3.336778e-006	2.434676e-005
-1.551724e-002	0.000000e+000	-1.206897e-002	2.294411e-005	3.663739e-007	2.843910e-006	2.312259e-005
-1.551724e-002	0.000000e+000	-8.620690e-003	2.207744e-005	3.706197e-007	2.148449e-006	2.218482e-005
-1.551724e-002	0.000000e+000	-5.172414e-003	2.150614e-005	3.734706e-007	1.331531e-006	2.155056e-005
-1.551724e-002	0.000000e+000	-1.724138e-003	2.122266e-005	3.749021e-007	4.504986e-007	2.123075e-005
-1.551724e-002	0.000000e+000	1.724138e-003	2.122266e-005	3.749021e-007	-4.504986e-007	2.123075e-005
-1.551724e-002	0.000000e+000	5.172414e-003	2.150614e-005	3.734706e-007	-1.331531e-006	2.155056e-005
-1.551724e-002	0.000000e+000	8.620690e-003	2.207744e-005	3.706197e-007	-2.148449e-006	2.218482e-005
-1.551724e-002	0.000000e+000	1.206897e-002	2.294411e-005	3.663739e-007	-2.843910e-006	2.312259e-005
-1.551724e-002	0.000000e+000	1.551724e-002	2.411433e-005	3.607694e-007	-3.336778e-006	2.434676e-005
-1.551724e-002	0.000000e+000	1.896552e-002	2.559090e-005	3.538539e-007	-3.508809e-006	2.583275e-005
-1.551724e-002	0.000000e+000	2.241379e-002	2.735897e-005	3.456860e-007	-3.187759e-006	2.754622e-005
-1.551724e-002	0.000000e+000	2.586207e-002	2.936091e-005	3.363344e-007	-2.127282e-006	2.943980e-005
-1.551724e-002	0.000000e+000	2.931034e-002	3.144669e-005	3.258773e-007	1.166696e-008	3.144838e-005
-1.551724e-002	0.000000e+000	3.275862e-002	3.328022e-005	3.144011e-007	3.659825e-006	3.348233e-005
-1.551724e-002	0.000000e+000	3.620690e-002	3.418138e-005	3.019997e-007	9.265198e-006	3.541612e-005
-1.551724e-002	0.000000e+000	3.965517e-002	3.293147e-005	2.887732e-007	1.701851e-005	3.707013e-005
-1.551724e-002	0.000000e+000	4.310345e-002	2.778561e-005	2.748265e-007	2.620242e-005	3.819270e-005
-1.551724e-002	0.000000e+000	4.655172e-002	1.735687e-005	2.602680e-007	3.435205e-005	3.848885e-005
-1.551724e-002	0.000000e+000	5.000000e-002	2.681662e-006	2.452082e-007	3.767976e-005	3.777586e-005
-1.206897e-002	0.000000e+000	-5.000000e-002	2.777568e-006	2.428129e-007	-2.502415e-005	2.517900e-005
-1.206897e-002	0.000000e+000	-4.655172e-002	1.277291e-005	2.576002e-007	-2.337703e-005	2.664018e-005
-1.206897e-002	0.000000e+000	-4.310345e-002	2.079525e-005	2.718922e-007	-1.903078e-005	2.819019e-005
-1.206897e-002	0.000000e+000	-3.965517e-002	2.595919e-005	2.855809e-007	-1.359347e-005	2.930433e-005
-1.206897e-002	0.000000e+000	-3.620690e-002	2.851851e-005	2.985604e-007	-8.455815e-006	2.974719e-005
-1.206897e-002	0.000000e+000	-3.275862e-002	2.922568e-005	3.107283e-007	-4.328738e-006	2.954615e-005
-1.206897e-002	0.000000e+000	-2.931034e-002	2.882047e-005	3.219869e-007	-1.369662e-006	2.885480e-005
-1.206897e-002	0.000000e+000	-2.586207e-002	2.784646e-005	3.322447e-007	5.470731e-007	2.785381e-005
-1.206897e-002	0.000000e+000	-2.241379e-002	2.665272e-005	3.414170e-007	1.638751e-006	2.670524e-005
-1.206897e-002	0.000000e+000	-1.896552e-002	2.544806e-005	3.494276e-007	2.120436e-006	2.553864e-005
-1.206897e-002	0.000000e+000	-1.551724e-002	2.435212e-005	3.562095e-007	2.171100e-006	2.445131e-005
-1.206897e-002	0.000000e+000	-1.206897e-002	2.343137e-005	3.617053e-007	1.928075e-006	2.351335e-005
-1.206897e-002	0.000000e+000	-8.620690e-003	2.272157e-005	3.658687e-007	1.492522e-006	2.277347e-005
-1.206897e-002	0.000000e+000	-5.172414e-003	2.224121e-005	3.686641e-007	9.380433e-007	2.226403e-005
-1.206897e-002	0.000000e+000	-1.724138e-003	2.199925e-005	3.700679e-007	3.194167e-007	2.200468e-005
-1.206897e-002	0.000000e+000	1.724138e-003	2.199925e-005	3.700679e-007	-3.194167e-007	2.200468e-005
-1.206897e-002	0.000000e+000	5.172414e-003	2.224121e-005	3.686641e-007	-9.380433e-007	2.226403e-005
-1.206897e-002	0.000000e+000	8.620690e-003	2.272157e-005	3.658687e-007	-1.492522e-006	2.277347e-005
-1.206897e-002	0.000000e+000	1.206897e-002	2.343137e-005	3.617053e-007	-1.928075e-006	2.351335e-005
-1.206897e-002	0.000000e+000	1.551724e-002	2.435212e-005	3.562095e-007	-2.171100e-006	2.445131e-005
-1.206897e-002	0.000000e+000	1.896552e-002	2.544806e-005	3.494276e-007	-2.120436e-006	2.553864e-005
-1.206897e-002	0.000000e+000	2.241379e-002	2.665272e-005	3.414170e-007	-1.638751e-006	2.670524e-005
-1.206897e-002	0.000000e+000	2.586207e-002	2.784646e-005	3.322447e-007	-5.470731e-007	2.785381e-005
-1.206897e-002	0.000000e+000	2.931034e-002	2.882047e-005	3.219869e-007	1.369662e-006	2.885480e-005
-1.206897e-002	0.000000e+000	3.275862e-002	2.922568e-005	3.107283e-007	4.328738e-006	2.954615e-005
-1.206897e-002	0.000000e+000	3.620690e-002	2.851851e-005	2.985604e-007	8.455815e-006	2.974719e-005
-1.206897e-002	0.000000e+000	3.965517e-002	2.595919e-005	2.855809e-007	1.359347e-005	2.930433e-005
-1.206897e-002	0.000000e+000	4.310345e-002	2.079525e-005	2.718922e-007	1.903078e-005	2.819019e-005
-1.206897e-002	0.000000e+000	4.655172e-002	1.277291e-005	2.576002e-007	2.337703e-005	2.664018e-005
-1.206897e-002	0.000000e+000	5.000000e-002	2.777568e-006	2.428129e-007	2.502415e-005	2.517900e-005
-8.620690e-003	0.000000e+000	-5.000000e-002	2.850691e-006	2.401804e-007	-1.611349e-005	1.636548e-005
-8.620690e-003	0.000000e+000	-4.655172e-002	1.039038e-005	2.546713e-007	-1.525538e-005	1.845946e-005
-8.620690e-003	0.000000e+000	-4.310345e-002	1.687361e-005	2.686733e-007	-1.288750e-005	2.123391e-005
-8.620690e-003	0.000000e+000	-3.965517e-002	2.166798e-005	2.820814e-007	-9.736727e-006	2.375679e-005
-8.620690e-003	0.000000e+000	-3.620690e-002	2.469674e-005	2.947923e-007	-6.540452e-006	2.554982e-005
-8.620690e-003	0.000000e+000	-3.275862e-002	2.624778e-005	3.067064e-007	-3.784723e-006	2.652101e-005
-8.620690e-003	0.000000e+000	-2.931034e-002	2.673151e-005	3.177285e-007	-1.672055e-006	2.678563e-005
-8.620690e-003	0.000000e+000	-2.586207e-002	2.653060e-005	3.277694e-007	-2.092603e-007	2.653345e-005
-8.620690e-003	0.000000e+000	-2.241379e-002	2.594514e-005	3.367469e-007	6.937038e-007	2.595659e-005
-8.620690e-003	0.000000e+000	-1.896552e-002	2.519019e-005	3.445866e-007	1.156481e-006	2.521908e-005
-8.620690e-003	0.000000e+000	-1.551724e-002	2.441215e-005	3.512233e-007	1.293509e-006	2.444892e-005
-8.620690e-003	0.000000e+000	-1.206897e-002	2.370731e-005	3.566011e-007	1.200572e-006	2.374037e-005
-8.620690e-003	0.000000e+000	-8.620690e-003	2.313716e-005	3.606749e-007	9.526881e-007	2.315957e-005
-8.620690e-003	0.000000e+000	-5.172414e-003	2.273948e-005	3.634101e-007	6.070866e-007	2.275048e-005
-8.620690e-003	0.000000e+000	-1.724138e-003	2.253578e-005	3.647835e-007	2.080180e-007	2.253969e-005
-8.620690e-003	0.000000e+000	1.724138e-003	2.253578e-005	3.647835e-007	-2.080180e-007	2.253969e-005
-8.620690e-003	0.000000e+000	5.172414e-003	2.273948e-005	3.634101e-007	-6.070866e-007	2.275048e-005
-8.620690e-003	0.000000e+000	8.620690e-003	2.313716e-005	3.606749e-007	-9.526881e-007	2.315957e-005
-8.620690e-003	0.000000e+000	1.206897e-002	2.370731e-005	3.566011e-007	-1.200572e-006	2.374037e-005
-8.620690e-003	0.000000e+000	1.551724e-002	2.441215e-005	3.512233e-007	-1.293509e-006	2.444892e-005
-8.620690e-003	0.000000e+000	1.896552e-002	2.519019e-005	3.445866e-007	-1.156481e-006	2.521908e-005
-8.620690e-003	0.000000e+000	2.241379e-002	2.594514e-005	3.367469e-007	-6.937038e-007	2.595659e-005
-8.620690e-003	0.000000e+000	2.586207e-002	2.653060e-005	3.277694e-007	2.092603e-007	2.653345e-005
-8.620690e-003	0.000000e+000	2.931034e-002	2.673151e-005	3.177285e-007	1.672055e-006	2.678563e-005
-8.620690e-003	0.000000e+000	3.275862e-002	2.624778e-005	3.067064e-007	3.784723e-006	2.652101e-005
-8.620690e-003	0.000000e+000	3.620690e-002	2.469674e-005	2.947923e-007	6.540452e-006	2.554982e-005
-8.620690e-003	0.000000e+000	3.965517e-002	2.166798e-005	2.820814e-007	9.736727e-006	2.375679e-005
-8.620690e-003	0.000000e+000	4.310345e-002	1.687361e-005	2.686733e-007	1.288750e-005	2.123391e-005
-8.620690e-003	0.000000e+000	4.655172e-002	1.039038e-005	2.546713e-007	1.525538e-005	1.845946e-005
-8.620690e-003	0.000000e+000	5.000000e-002	2.850691e-006	2.401804e-007	1.611349e-005	1.636548e-005
-5.172414e-003	0.000000e+000	-5.000000e-002	2.900008e-006	2.373243e-007	-9.141440e-006	9.593346e-006
-5.172414e-003	0.000000e+000	-4.655172e-002	9.152542e-006	2.514972e-007	-8.717526e-006	1.264229e-005
-5.172414e-003	0.000000e+000	-4.310345e-002	1.474406e-005	2.651883e-007	-7.521813e-006	1.655401e-005
-5.172414e-003	0.000000e+000	-3.965517e-002	1.920513e-005	2.782955e-007	-5.875024e-006	2.008558e-005
-5.172414e-003	0.000000e+000	-3.620690e-002	2.237140e-005	2.907184e-007	-4.133076e-006	2.275184e-005
-5.172414e-003	0.000000e+000	-3.275862e-002	2.433151e-005	3.023604e-007	-2.564121e-006	2.446812e-005
-5.172414e-003	0.000000e+000	-2.931034e-002	2.531395e-005	3.131290e-007	-1.308576e-006	2.534968e-005
-5.172414e-003	0.000000e+000	-2.586207e-002	2.558677e-005	3.229376e-007	-4.009317e-007	2.559195e-005
-5.172414e-003	0.000000e+000	-2.241379e-002	2.539772e-005	3.317062e-007	1.881405e-007	2.540058e-005
-5.172414e-003	0.000000e+000	-1.896552e-002	2.494942e-005	3.393628e-007	5.155110e-007	2.495705e-005
-5.172414e-003	0.000000e+000	-1.551724e-002	2.439565e-005	3.458439e-007	6.428287e-007	2.440656e-005
-5.172414e-003	0.000000e+000	-1.206897e-002	2.384713e-005	3.510953e-007	6.254267e-007	2.385792e-005
-5.172414e-003	0.000000e+000	-8.620690e-003	2.338010e-005	3.550731e-007	5.087035e-007	2.338833e-005
-5.172414e-003	0.000000e+000	-5.172414e-003	2.304435e-005	3.577438e-007	3.284904e-007	2.304946e-005
-5.172414e-003	0.000000e+000	-1.724138e-003	2.286957e-005	3.590848e-007	1.132220e-007	2.287267e-005
-5.172414e-003	0.000000e+000	1.724138e-003	2.286957e-005	3.590848e-007	-1.132220e-007	2.287267e-005
-5.172414e-003	0.000000e+000	5.172414e-003	2.304435e-005	3.577438e-007	-3.284904e-007	2.304946e-005
-5.172414e-003	0.000000e+000	8.620690e-003	2.338010e-005	3.550731e-007	-5.087035e-007	2.338833e-005
-5.172414e-003	0.000000e+000	1.206897e-002	2.384713e-005	3.510953e-007	-6.254267e-007	2.385792e-005
-5.172414e-003	0.000000e+000	1.551724e-002	2.439565e-005	3.458439e-007	-6.428287e-007	2.440656e-005
-5.172414e-003	0.000000e+000	1.896552e-002	2.494942e-005	3.393628e-007	-5.155110e-007	2.495705e-005
-5.172414e-003	0.000000e+000	2.241379e-002	2.539772e-005	3.317062e-007	-1.881405e-007	2.540058e-005
-5.172414e-003	0.000000e+000	2.586207e-002	2.558677e-005	3.229376e-007	4.009317e-007	2.559195e-005
-5.172414e-003	0.000000e+000	2.931034e-002	2.531395e-005	3.131290e-007	1.308576e-006	2.534968e-005
-5.172414e-003	0.000000e+000	3.275862e-002	2.433151e-005	3.023604e-007	2.564121e-006	2.446812e-005
-5.172414e-003	0.000000e+000	3.620690e-002	2.237140e-005	2.907184e-007	4.133076e-006	2.275184e-005
-5.172414e-003	0.000000e+000	3.965517e-002	1.920513e-005	2.782955e-007	5.875024e-006	2.008558e-005
-5.172414e-003	0.000000e+000	4.310345e-002	1.474406e-005	2.651883e-007	7.521813e-006	1.655401e-005
-5.172414e-003	0.000000e+000	4.655172e-002	9.152542e-006	2.514972e-007	8.717526e-006	1.264229e-005
-5.172414e-003	0.000000e+000	5.000000e-002	2.900008e-006	2.373243e-007	9.141440e-006	9.593346e-006
-1.724138e-003	0.000000e+000	-5.000000e-002	2.924838e-006	2.342595e-007	-3.119675e-006	4.282748e-006
-1.724138e-003	0.000000e+000	-4.655172e-002	8.617435e-006	2.480952e-007	-2.984260e-006	9.122913e-006
-1.724138e-003	0.000000e+000	-4.310345e-002	1.380154e-005	2.614567e-007	-2.610468e-006	1.404868e-005
-1.724138e-003	0.000000e+000	-3.965517e-002	1.808233e-005	2.742449e-007	-2.089903e-006	1.820476e-005
-1.724138e-003	0.000000e+000	-3.620690e-002	2.127652e-005	2.863628e-007	-1.528482e-006	2.133327e-005
-1.724138e-003	0.000000e+000	-3.275862e-002	2.340005e-005	2.977166e-007	-1.010924e-006	2.342377e-005
-1.724138e-003	0.000000e+000	-2.931034e-002	2.460354e-005	3.082167e-007	-5.858309e-007	2.461244e-005
-1.724138e-003	0.000000e+000	-2.586207e-002	2.509879e-005	3.177792e-007	-2.689614e-007	2.510225e-005
-1.724138e-003	0.000000e+000	-2.241379e-002	2.510335e-005	3.263267e-007	-5.446079e-008	2.510553e-005
-1.724138e-003	0.000000e+000	-1.896552e-002	2.480916e-005	3.337894e-007	7.402451e-008	2.481152e-005
-1.724138e-003	0.000000e+000	-1.551724e-002	2.437053e-005	3.401058e-007	1.356784e-007	2.437328e-005
-1.724138e-003	0.000000e+000	-1.206897e-002	2.390356e-005	3.452234e-007	1.484116e-007	2.390652e-005
-1.724138e-003	0.000000e+000	-8.620690e-003	2.349097e-005	3.490996e-007	1.272837e-007	2.349391e-005
-1.724138e-003	0.000000e+000	-5.172414e-003	2.318819e-005	3.517020e-007	8.438185e-008	2.319101e-005
-1.724138e-003	0.000000e+000	-1.724138e-003	2.302888e-005	3.530086e-007	2.941209e-008	2.303161e-005
-1.724138e-003	0.000000e+000	1.724138e-003	2.302888e-005	3.530086e-007	-2.941209e-008	2.303161e-005
-1.724138e-003	0.000000e+000	5.172414e-003	2.318819e-005	3.517020e-007	-8.438185e-008	2.319101e-005
-1.724138e-003	0.000000e+000	8.620690e-003	2.349097e-005	3.490996e-007	-1.272837e-007	2.349391e-005
-1.724138e-003	0.000000e+000	1.206897e-002	2.390356e-005	3.452234e-007	-1.484116e-007	2.390652e-005
-1.724138e-003	0.000000e+000	1.551724e-002	2.437053e-005	3.401058e-007	-1.356784e-007	2.437328e-005
-1.724138e-003	0.000000e+000	1.896552e-002	2.480916e-005	3.337894e-007	-7.402451e-008	2.481152e-005
-1.724138e-003	0.000000e+000	2.241379e-002	2.510335e-005	3.263267e-007	5.446079e-008	2.510553e-005
-1.724138e-003	0.000000e+000	2.586207e-002	2.509879e-005	3.177792e-007	2.689614e-007	2.510225e-005
-1.724138e-003	0.000000e+000	2.931034e-002	2.460354e-005	3.082167e-007	5.858309e-007	2.461244e-005
-1.724138e-003	0.000000e+000	3.275862e-002	2.340005e-005	2.977166e-007	1.010924e-006	2.342377e-005
-1.724138e-003	0.000000e+000	3.620690e-002	2.127652e-005	2.863628e-007	1.528482e-006	2.133327e-005
-1.724138e-003	0.000000e+000	3.965517e-002	1.808233e-005	2.742449e-007	2.089903e-006	1.820476e-005
-1.724138e-003	0.000000e+000	4.310345e-002	1.380154e-005	2.614567e-007	2.610468e-006	1.404868e-005
-1.724138e-003	0.000000e+000	4.655172e-002	8.617435e-006	2.480952e-007	2.984260e-006	9.122913e-006
-1.724138e-003	0.000000e+000	5.000000e-002	2.924838e-006	2.342595e-007	3.119675e-006	4.282748e-006
1.724138e-003	0.000000e+000	-5.000000e-002	2.924838e-006	2.310011e-007	2.615023e-006	3.930189e-006
1.724138e-003	0.000000e+000	-4.655172e-002	8.617435e-006	2.444829e-007	2.502189e-006	8.976687e-006
1.724138e-003	0.000000e+000	-4.310345e-002	1.380154e-005	2.574986e-007	2.153292e-006	1.397088e-005
1.724138e-003	0.000000e+000	-3.965517e-002	1.808233e-005	2.699523e-007	1.659870e-006	1.816036e-005
1.724138e-003	0.000000e+000	-3.620690e-002	2.127652e-005	2.817504e-007	1.127757e-006	2.130825e-005
1.724138e-003	0.000000e+000	-3.275862e-002	2.340005e-005	2.928020e-007	6.415624e-007	2.341068e-005
1.724138e-003	0.000000e+000	-2.931034e-002	2.460354e-005	3.030207e-007	2.497639e-007	2.460667e-005
1.724138e-003	0.000000e+000	-2.586207e-002	2.509879e-005	3.123253e-007	-3.202797e-008	2.510076e-005
1.724138e-003	0.000000e+000	-2.241379e-002	2.510335e-005	3.206412e-007	-2.098317e-007	2.510628e-005
1.724138e-003	0.000000e+000	-1.896552e-002	2.480916e-005	3.279007e-007	-3.001818e-007	2.481315e-005
1.724138e-003	0.000000e+000	-1.551724e-002	2.437053e-005	3.340445e-007	-3.224575e-007	2.437495e-005
1.724138e-003	0.000000e+000	-1.206897e-002	2.390356e-005	3.390219e-007	-2.947778e-007	2.390778e-005
1.724138e-003	0.000000e+000	-8.620690e-003	2.349097e-005	3.427916e-007	-2.324211e-007	2.349462e-005
1.724138e-003	0.000000e+000	-5.172414e-003	2.318819e-005	3.453224e-007	-1.477015e-007	2.319123e-005
1.724138e-003	0.000000e+000	-1.724138e-003	2.302888e-005	3.465931e-007	-5.055831e-008	2.303155e-005
1.724138e-003	0.000000e+000	1.724138e-003	2.302888e-005	3.465931e-007	5.055831e-008	2.303155e-005
1.724138e-003	0.000000e+000	5.172414e-003	2.318819e-005	3.453224e-007	1.477015e-007	2.319123e-005
1.724138e-003	0.000000e+000	8.620690e-003	2.349097e-005	3.427916e-007	2.324211e-007	2.349462e-005
1.724138e-003	0.000000e+000	1.206897e-002	2.390356e-005	3.390219e-007	2.947778e-007	2.390778e-005
1.724138e-003	0.000000e+000	1.551724e-002	2.437053e-005	3.340445e-007	3.224575e-007	2.437495e-005
1.724138e-003	0.000000e+000	1.896552e-002	2.480916e-005	3.279007e-007	3.001818e-007	2.481315e-005
1.724138e-003	0.000000e+000	2.241379e-002	2.510335e-005	3.206412e-007	2.098317e-007	2.510628e-005
1.724138e-003	0.000000e+000	2.586207e-002	2.509879e-005	3.123253e-007	3.202797e-008	2.510076e-005
1.724138e-003	0.000000e+000	2.931034e-002	2.460354e-005	3.030207e-007	-2.497639e-007	2.460667e-005
1.724138e-003	0.000000e+000	3.275862e-002	2.340005e-005	2.928020e-007	-6.415624e-007	2.341068e-005
1.724138e-003	0.000000e+000	3.620690e-002	2.127652e-005	2.817504e-007	-1.127757e-006	2.130825e-005
1.724138e-003	0.000000e+000	3.965517e-002	1.808233e-005	2.699523e-007	-1.659870e-006	1.816036e-005
1.724138e-003	0.000000e+000	4.310345e-002	1.380154e-005	2.574986e-007	-2.153292e-006	1.397088e-005
1.724138e-003	0.000000e+000	4.655172e-002	8.617435e-006	2.444829e-007	-2.502189e-006	8.976687e-006
1.724138e-003	0.000000e+000	5.000000e-002	2.924838e-006	2.310011e-007	-2.615023e-006	3.930189e-006
5.172414e-003	0.000000e+000	-5.000000e-002	2.900008e-006	2.275649e-007	8.637366e-006	9.114051e-006
5.172414e-003	0.000000e+000	-4.655172e-002	9.152542e-006	2.406786e-007	8.236009e-006	1.231498e-005
5.172414e-003	0.000000e+000	-4.310345e-002	1.474406e-005	2.533347e-007	7.065162e-006	1.635139e-005
5.172414e-003	0.000000e+000	-3.965517e-002	1.920513e-005	2.654409e-007	5.445486e-006	1.996399e-005
5.172414e-003	0.000000e+000	-3.620690e-002	2.237140e-005	2.769065e-007	3.732812e-006	2.268237e-005
5.172414e-003	0.000000e+000	-3.275862e-002	2.433151e-005	2.876442e-007	2.195185e-006	2.443203e-005
5.172414e-003	0.000000e+000	-2.931034e-002	2.531395e-005	2.975706e-007	9.728965e-007	2.533438e-005
5.172414e-003	0.000000e+000	-2.586207e-002	2.558677e-005	3.066075e-007	1.002894e-007	2.558880e-005
5.172414e-003	0.000000e+000	-2.241379e-002	2.539772e-005	3.146827e-007	-4.521281e-007	2.540369e-005
5.172414e-003	0.000000e+000	-1.896552e-002	2.494942e-005	3.217313e-007	-7.414071e-007	2.496250e-005
5.172414e-003	0.000000e+000	-1.551724e-002	2.439565e-005	3.276959e-007	-8.293921e-007	2.441194e-005
5.172414e-003	0.000000e+000	-1.206897e-002	2.384713e-005	3.325277e-007	-7.716238e-007	2.386193e-005
5.172414e-003	0.000000e+000	-8.620690e-003	2.338010e-005	3.361870e-007	-6.137193e-007	2.339057e-005
5.172414e-003	0.000000e+000	-5.172414e-003	2.304435e-005	3.386435e-007	-3.917369e-007	2.305016e-005
5.172414e-003	0.000000e+000	-1.724138e-003	2.286957e-005	3.398768e-007	-1.343438e-007	2.287249e-005
5.172414e-003	0.000000e+000	1.724138e-003	2.286957e-005	3.398768e-007	1.343438e-007	2.287249e-005
5.172414e-003	0.000000e+000	5.172414e-003	2.304435e-005	3.386435e-007	3.917369e-007	2.305016e-005
5.172414e-003	0.000000e+000	8.620690e-003	2.338010e-005	3.361870e-007	6.137193e-007	2.339057e-005
5.172414e-003	0.000000e+000	1.206897e-002	2.384713e-005	3.325277e-007	7.716238e-007	2.386193e-005
5.172414e-003	0.000000e+000	1.551724e-002	2.439565e-005	3.276959e-007	8.293921e-007	2.441194e-005
5.172414e-003	0.000000e+000	1.896552e-002	2.494942e-005	3.217313e-007	7.414071e-007	2.496250e-005
5.172414e-003	0.000000e+000	2.241379e-002	2.539772e-005	3.146827e-007	4.521281e-007	2.540369e-005
5.172414e-003	0.000000e+000	2.586207e-002	2.558677e-005	3.066075e-007	-1.002894e-007	2.558880e-005
5.172414e-003	0.000000e+000	2.931034e-002	2.531395e-005	2.975706e-007	-9.728965e-007	2.533438e-005
5.172414e-003	0.000000e+000	3.275862e-002	2.433151e-005	2.876442e-007	-2.195185e-006	2.443203e-005
5.172414e-003	0.000000e+000	3.620690e-002	2.237140e-005	2.769065e-007	-3.732812e-006	2.268237e-005
5.172414e-003	0.000000e+000	3.965517e-002	1.920513e-005	2.654409e-007	-5.445486e-006	1.996399e-005
5.172414e-003	0.000000e+000	4.310345e-002	1.474406e-005	2.533347e-007	-7.065162e-006	1.635139e-005
5.172414e-003	0.000000e+000	4.655172e-002	9.152542e-006	2.406786e-007	-8.236009e-006	1.231498e-005
5.172414e-003	0.000000e+000	5.000000e-002	2.900008e-006	2.275649e-007	-8.637366e-006	9.114051e-006
8.620690e-003	0.000000e+000	-5.000000e-002	2.850691e-006	2.239668e-007	1.561058e-005	1.587031e-005
8.620690e-003	0.000000e+000	-4.655172e-002	1.039038e-005	2.367008e-007	1.477497e-005	1.806421e-005
8.620690e-003	0.000000e+000	-4.310345e-002	1.687361e-005	2.489861e-007	1.243190e-005	2.096027e-005
8.620690e-003	0.000000e+000	-3.965517e-002	2.166798e-005	2.607338e-007	9.308179e-006	2.358414e-005
8.620690e-003	0.000000e+000	-3.620690e-002	2.469674e-005	2.718568e-007	6.141111e-006	2.545027e-005
8.620690e-003	0.000000e+000	-3.275862e-002	2.624778e-005	2.822710e-007	3.416639e-006	2.647072e-005
8.620690e-003	0.000000e+000	-2.931034e-002	2.673151e-005	2.918962e-007	1.337151e-006	2.676652e-005
8.620690e-003	0.000000e+000	-2.586207e-002	2.653060e-005	3.006572e-007	-9.068677e-008	2.653246e-005
8.620690e-003	0.000000e+000	-2.241379e-002	2.594514e-005	3.084847e-007	-9.570805e-007	2.596462e-005
8.620690e-003	0.000000e+000	-1.896552e-002	2.519019e-005	3.153160e-007	-1.381854e-006	2.523003e-005
8.620690e-003	0.000000e+000	-1.551724e-002	2.441215e-005	3.210961e-007	-1.479640e-006	2.445906e-005
8.620690e-003	0.000000e+000	-1.206897e-002	2.370731e-005	3.257780e-007	-1.346430e-006	2.374775e-005
8.620690e-003	0.000000e+000	-8.620690e-003	2.313716e-005	3.293234e-007	-1.057461e-006	2.316365e-005
8.620690e-003	0.000000e+000	-5.172414e-003	2.273948e-005	3.317034e-007	-6.701864e-007	2.275177e-005
8.620690e-003	0.000000e+000	-1.724138e-003	2.253578e-005	3.328983e-007	-2.290908e-007	2.253940e-005
8.620690e-003	0.000000e+000	1.724138e-003	2.253578e-005	3.328983e-007	2.290908e-007	2.253940e-005
8.620690e-003	0.000000e+000	5.172414e-003	2.273948e-005	3.317034e-007	6.701864e-007	2.275177e-005
8.620690e-003	0.000000e+000	8.620690e-003	2.313716e-005	3.293234e-007	1.057461e-006	2.316365e-005
8.620690e-003	0.000000e+000	1.206897e-002	2.370731e-005	3.257780e-007	1.346430e-006	2.374775e-005
8.620690e-003	0.000000e+000	1.551724e-002	2.441215e-005	3.210961e-007	1.479640e-006	2.445906e-005
8.620690e-003	0.000000e+000	1.896552e-002	2.519019e-005	3.153160e-007	1.381854e-006	2.523003e-005
8.620690e-003	0.000000e+000	2.241379e-002	2.594514e-005	3.084847e-007	9.570805e-007	2.596462e-005
8.620690e-003	0.000000e+000	2.586207e-002	2.653060e-005	3.006572e-007	9.068677e-008	2.653246e-005
8.620690e-003	0.000000e+000	2.931034e-002	2.673151e-005	2.918962e-007	-1.337151e-006	2.676652e-005
8.620690e-003	0.000000e+000	3.275862e-002	2.624778e-005	2.822710e-007	-3.416639e-006	2.647072e-005
8.620690e-003	0.000000e+000	3.620690e-002	2.469674e-005	2.718568e-007	-6.141111e-006	2.545027e-005
8.620690e-003	0.000000e+000	3.965517e-002	2.166798e-005	2.607338e-007	-9.308179e-006	2.358414e-005
8.620690e-003	0.000000e+000	4.310345e-002	1.687361e-005	2.489861e-007	-1.243190e-005	2.096027e-005
8.620690e-003	0.000000e+000	4.655172e-002	1.039038e-005	2.367008e-007	-1.477497e-005	1.806421e-005
8.620690e-003	0.000000e+000	5.000000e-002	2.850691e-006	2.239668e-007	-1.561058e-005	1.587031e-005
1.206897e-002	0.000000e+000	-5.000000e-002	2.777568e-006	2.202232e-007	2.452298e-005	2.468076e-005
1.206897e-002	0.000000e+000	-4.655172e-002	1.277291e-005	2.325680e-007	2.289828e-005	2.622084e-005
1.206897e-002	0.000000e+000	-4.310345e-002	2.079525e-005	2.444736e-007	1.857676e-005	2.788545e-005
1.206897e-002	0.000000e+000	-3.965517e-002	2.595919e-005	2.558543e-007	1.316641e-005	2.910841e-005
1.206897e-002	0.000000e+000	-3.620690e-002	2.851851e-005	2.666267e-007	8.057862e-006	2.963623e-005
1.206897e-002	0.000000e+000	-3.275862e-002	2.922568e-005	2.767099e-007	3.961935e-006	2.949430e-005
1.206897e-002	0.000000e+000	-2.931034e-002	2.882047e-005	2.860271e-007	1.035924e-006	2.884050e-005
1.206897e-002	0.000000e+000	-2.586207e-002	2.784646e-005	2.945059e-007	-8.459747e-007	2.786086e-005
1.206897e-002	0.000000e+000	-2.241379e-002	2.665272e-005	3.020800e-007	-1.901209e-006	2.672215e-005
1.206897e-002	0.000000e+000	-1.896552e-002	2.544806e-005	3.086892e-007	-2.345023e-006	2.555774e-005
1.206897e-002	0.000000e+000	-1.551724e-002	2.435212e-005	3.142806e-007	-2.356581e-006	2.446790e-005
1.206897e-002	0.000000e+000	-1.206897e-002	2.343137e-005	3.188093e-007	-2.073424e-006	2.352509e-005
1.206897e-002	0.000000e+000	-8.620690e-003	2.272157e-005	3.222384e-007	-1.596928e-006	2.277990e-005
1.206897e-002	0.000000e+000	-5.172414e-003	2.224121e-005	3.245402e-007	-1.000923e-006	2.226609e-005
1.206897e-002	0.000000e+000	-1.724138e-003	2.199925e-005	3.256958e-007	-3.404159e-007	2.200429e-005
1.206897e-002	0.000000e+000	1.724138e-003	2.199925e-005	3.256958e-007	3.404159e-007	2.200429e-005
1.206897e-002	0.000000e+000	5.172414e-003	2.224121e-005	3.245402e-007	1.000923e-006	2.226609e-005
1.206897e-002	0.000000e+000	8.620690e-003	2.272157e-005	3.222384e-007	1.596928e-006	2.277990e-005
1.206897e-002	0.000000e+000	1.206897e-002	2.343137e-005	3.188093e-007	2.073424e-006	2.352509e-005
1.206897e-002	0.000000e+000	1.551724e-002	2.435212e-005	3.142806e-007	2.356581e-006	2.446790e-005
1.206897e-002	0.000000e+000	1.896552e-002	2.544806e-005	3.086892e-007	2.345023e-006	2.555774e-005
1.206897e-002	0.000000e+000	2.241379e-002	2.665272e-005	3.020800e-007	1.901209e-006	2.672215e-005
1.206897e-002	0.000000e+000	2.586207e-002	2.784646e-005	2.945059e-007	8.459747e-007	2.786086e-005
1.206897e-002	0.000000e+000	2.931034e-002	2.882047e-005	2.860271e-007	-1.035924e-006	2.884050e-005
1.206897e-002	0.000000e+000	3.275862e-002	2.922568e-005	2.767099e-007	-3.961935e-006	2.949430e-005
1.206897e-002	0.000000e+000	3.620690e-002	2.851851e-005	2.666267e-007	-8.057862e-006	2.963623e-005
1.206897e-002	0.000000e+000	3.965517e-002	2.595919e-005	2.558543e-007	-1.316641e-005	2.910841e-005
1.206897e-002	0.000000e+000	4.310345e-002	2.079525e-005	2.444736e-007	-1.857676e-005	2.788545e-005
1.206897e-002	0.000000e+000	4.655172e-002	1.277291e-005	2.325680e-007	-2.289828e-005	2.622084e-005
1.206897e-002	0.000000e+000	5.000000e-002	2.777568e-006	2.202232e-007	-2.452298e-005	2.468076e-005
1.551724e-002	0.000000e+000	-5.000000e-002	2.681662e-006	2.163501e-007	3.718091e-005	3.727812e-005
1.551724e-002	0.000000e+000	-4.655172e-002	1.735687e-005	2.282989e-007	3.387553e-005	3.806395e-005
1.551724e-002	0.000000e+000	-4.310345e-002	2.778561e-005	2.398180e-007	2.575051e-005	3.788386e-005
1.551724e-002	0.000000e+000	-3.965517e-002	3.293147e-005	2.508256e-007	1.659344e-005	3.687664e-005
1.551724e-002	0.000000e+000	-3.620690e-002	3.418138e-005	2.612414e-007	8.869102e-006	3.531425e-005
1.551724e-002	0.000000e+000	-3.275862e-002	3.328022e-005	2.709882e-007	3.294735e-006	3.344401e-005
1.551724e-002	0.000000e+000	-2.931034e-002	3.144669e-005	2.799923e-007	-3.205106e-007	3.144957e-005
1.551724e-002	0.000000e+000	-2.586207e-002	2.936091e-005	2.881845e-007	-2.424785e-006	2.946228e-005
1.551724e-002	0.000000e+000	-2.241379e-002	2.735897e-005	2.955011e-007	-3.448988e-006	2.757709e-005
1.551724e-002	0.000000e+000	-1.896552e-002	2.559090e-005	3.018847e-007	-3.732343e-006	2.586340e-005
1.551724e-002	0.000000e+000	-1.551724e-002	2.411433e-005	3.072845e-007	-3.521389e-006	2.437202e-005
1.551724e-002	0.000000e+000	-1.206897e-002	2.294411e-005	3.116576e-007	-2.988577e-006	2.314003e-005
1.551724e-002	0.000000e+000	-8.620690e-003	2.207744e-005	3.149686e-007	-2.252365e-006	2.219427e-005
1.551724e-002	0.000000e+000	-5.172414e-003	2.150614e-005	3.171910e-007	-1.394115e-006	2.155362e-005
1.551724e-002	0.000000e+000	-1.724138e-003	2.122266e-005	3.183067e-007	-4.713992e-007	2.123028e-005
1.551724e-002	0.000000e+000	1.724138e-003	2.122266e-005	3.183067e-007	4.713992e-007	2.123028e-005
1.551724e-002	0.000000e+000	5.172414e-003	2.150614e-005	3.171910e-007	1.394115e-006	2.155362e-005
1.551724e-002	0.000000e+000	8.620690e-003	2.207744e-005	3.149686e-007	2.252365e-006	2.219427e-005
1.551724e-002	0.000000e+000	1.206897e-002	2.294411e-005	3.116576e-007	2.988577e-006	2.314003e-005
1.551724e-002	0.000000e+000	1.551724e-002	2.411433e-005	3.072845e-007	3.521389e-006	2.437202e-005
1.551724e-002	0.000000e+000	1.896552e-002	2.559090e-005	3.018847e-007	3.732343e-006	2.586340e-005
1.551724e-002	0.000000e+000	2.241379e-002	2.735897e-005	2.955011e-007	3.448988e-006	2.757709e-005
1.551724e-002	0.000000e+000	2.586207e-002	2.936091e-005	2.881845e-007	2.424785e-006	2.946228e-005
1.551724e-002	0.000000e+000	2.931034e-002	3.144669e-005	2.799923e-007	3.205106e-007	3.144957e-005
1.551724e-002	0.000000e+000	3.275862e-002	3.328022e-005	2.709882e-007	-3.294735e-006	3.344401e-005
1.551724e-002	0.000000e+000	3.620690e-002	3.418138e-005	2.612414e-007	-8.869102e-006	3.531425e-005
1.551724e-002	0.000000e+000	3.965517e-002	3.293147e-005	2.508256e-007	-1.659344e-005	3.687664e-005
1.551724e-002	0.000000e+000	4.310345e-002	2.778561e-005	2.398180e-007	-2.575051e-005	3.788386e-005
1.551724e-002	0.000000e+000	4.655172e-002	1.735687e-005	2.282989e-007	-3.387553e-005	3.806395e-005
1.551724e-002	0.000000e+000	5.000000e-002	2.681662e-006	2.163501e-007	-3.718091e-005	3.727812e-005
1.896552e-002	0.000000e+000	-5.000000e-002	2.564329e-006	2.123637e-007	5.757609e-005	5.763355e-005
1.896552e-002	0.000000e+000	-4.655172e-002	2.690088e-005	2.239117e-007	4.996865e-005	5.675010e-005
1.896552e-002	0.000000e+000	-4.310345e-002	4.048091e-005	2.350400e-007	3.362957e-005	5.262801e-005
1.896552e-002	0.000000e+000	-3.965517e-002	4.381154e-005	2.456702e-007	1.827102e-005	4.746938e-005
1.896552e-002	0.000000e+000	-3.620690e-002	4.188634e-005	2.557257e-007	7.393068e-006	4.253456e-005
1.896552e-002	0.000000e+000	-3.275862e-002	3.817592e-005	2.651325e-007	6.383035e-007	3.818217e-005
1.896552e-002	0.000000e+000	-2.931034e-002	3.427152e-005	2.738203e-007	-3.178654e-006	3.441970e-005
1.896552e-002	0.000000e+000	-2.586207e-002	3.076437e-005	2.817230e-007	-5.065486e-006	3.117988e-005
1.896552e-002	0.000000e+000	-2.241379e-002	2.781915e-005	2.887797e-007	-5.720682e-006	2.840272e-005
1.896552e-002	0.000000e+000	-1.896552e-002	2.543788e-005	2.949354e-007	-5.600689e-006	2.604881e-005
1.896552e-002	0.000000e+000	-1.551724e-002	2.356976e-005	3.001418e-007	-4.998376e-006	2.409580e-005
1.896552e-002	0.000000e+000	-1.206897e-002	2.215486e-005	3.043577e-007	-4.100426e-006	2.253317e-005
1.896552e-002	0.000000e+000	-8.620690e-003	2.114042e-005	3.075496e-007	-3.025504e-006	2.135803e-005
1.896552e-002	0.000000e+000	-5.172414e-003	2.048622e-005	3.096918e-007	-1.849349e-006	2.057186e-005
1.896552e-002	0.000000e+000	-1.724138e-003	2.016569e-005	3.107672e-007	-6.216860e-007	2.017767e-005
1.896552e-002	0.000000e+000	1.724138e-003	2.016569e-005	3.107672e-007	6.216860e-007	2.017767e-005
1.896552e-002	0.000000e+000	5.172414e-003	2.048622e-005	3.096918e-007	1.849349e-006	2.057186e-005
1.896552e-002	0.000000e+000	8.620690e-003	2.114042e-005	3.075496e-007	3.025504e-006	2.135803e-005
1.896552e-002	0.000000e+000	1.206897e-002	2.215486e-005	3.043577e-007	4.100426e-006	2.253317e-005
1.896552e-002	0.000000e+000	1.551724e-002	2.356976e-005	3.001418e-007	4.998376e-006	2.409580e-005
1.896552e-002	0.000000e+000	1.896552e-002	2.543788e-005	2.949354e-007	5.600689e-006	2.604881e-005
1.896552e-002	0.000000e+000	2.241379e-002	2.781915e-005	2.887797e-007	5.720682e-006	2.840272e-005
1.896552e-002	0.000000e+000	2.586207e-002	3.076437e-005	2.817230e-007	5.065486e-006	3.117988e-005
1.896552e-002	0.000000e+000	2.931034e-002	3.427152e-005	2.738203e-007	3.178654e-006	3.441970e-005
1.896552e-002	0.000000e+000	3.275862e-002	3.817592e-005	2.651325e-007	-6.383035e-007	3.818217e-005
1.896552e-002	0.000000e+000	3.620690e-002	4.188634e-005	2.557257e-007	-7.393068e-006	4.253456e-005
1.896552e-002	0.000000e+000	3.965517e-002	4.381154e-005	2.456702e-007	-1.827102e-005	4.746938e-005
1.896552e-002	0.000000e+000	4.310345e-002	4.048091e-005	2.350400e-007	-3.362957e-005	5.262801e-005
1.896552e-002	0.000000e+000	4.655172e-002	2.690088e-005	2.239117e-007	-4.996865e-005	5.675010e-005
1.896552e-002	0.000000e+000	5.000000e-002	2.564329e-006	2.123637e-007	-5.757609e-005	5.763355e-005
2.241379e-002	0.000000e+000	-5.000000e-002	2.427248e-006	2.082798e-007	9.695315e-005	9.698375e-005
2.241379e-002	0.000000e+000	-4.655172e-002	4.994257e-005	2.194244e-007	7.492089e-005	9.004137e-005
2.241379e-002	0.000000e+000	-4.310345e-002	6.393281e-005	2.301594e-007	3.910173e-005	7.494266e-005
2.241379e-002	0.000000e+000	-3.965517e-002	5.952711e-005	2.404101e-007	1.488962e-005	6.136151e-005
2.241379e-002	0.000000e+000	-3.620690e-002	5.105424e-005	2.501033e-007	1.720804e-006	5.108384e-005
2.241379e-002	0.000000e+000	-3.275862e-002	4.311404e-005	2.591686e-007	-4.905621e-006	4.339301e-005
2.241379e-002	0.000000e+000	-2.931034e-002	3.663824e-005	2.675386e-007	-7.910608e-006	3.748346e-005
2.241379e-002	0.000000e+000	-2.586207e-002	3.158450e-005	2.751504e-007	-8.896436e-006	3.281467e-005
2.241379e-002	0.000000e+000	-2.241379e-002	2.771015e-005	2.819460e-007	-8.739848e-006	2.905713e-005
2.241379e-002	0.000000e+000	-1.896552e-002	2.477289e-005	2.878729e-007	-7.933212e-006	2.601374e-005
2.241379e-002	0.000000e+000	-1.551724e-002	2.257557e-005	2.928851e-007	-6.759195e-006	2.356754e-005
2.241379e-002	0.000000e+000	-1.206897e-002	2.096951e-005	2.969433e-007	-5.381663e-006	2.165111e-005
2.241379e-002	0.000000e+000	-8.620690e-003	1.984769e-005	3.000155e-007	-3.895204e-006	2.022853e-005
2.241379e-002	0.000000e+000	-5.172414e-003	1.913714e-005	3.020772e-007	-2.353554e-006	1.928369e-005
2.241379e-002	0.000000e+000	-1.724138e-003	1.879266e-005	3.031122e-007	-7.868784e-007	1.881157e-005
2.241379e-002	0.000000e+000	1.724138e-003	1.879266e-005	3.031122e-007	7.868784e-007	1.881157e-005
2.241379e-002	0.000000e+000	5.172414e-003	1.913714e-005	3.020772e-007	2.353554e-006	1.928369e-005
2.241379e-002	0.000000e+000	8.620690e-003	1.984769e-005	3.000155e-007	3.895204e-006	2.022853e-005
2.241379e-002	0.000000e+000	1.206897e-002	2.096951e-005	2.969433e-007	5.381663e-006	2.165111e-005
2.241379e-002	0.000000e+000	1.551724e-002	2.257557e-005	2.928851e-007	6.759195e-006	2.356754e-005
2.241379e-002	0.000000e+000	1.896552e-002	2.477289e-005	2.878729e-007	7.933212e-006	2.601374e-005
2.241379e-002	0.000000e+000	2.241379e-002	2.771015e-005	2.819460e-007	8.739848e-006	2.905713e-005
2.241379e-002	0.000000e+000	2.586207e-002	3.158450e-005	2.751504e-007	8.896436e-006	3.281467e-005
2.241379e-002	0.000000e+000	2.931034e-002	3.663824e-005	2.675386e-007	7.910608e-006	3.748346e-005
2.241379e-002	0.000000e+000	3.275862e-002	4.311404e-005	2.591686e-007	4.905621e-006	4.339301e-005
2.241379e-002	0.000000e+000	3.620690e-002	5.105424e-005	2.501033e-007	-1.720804e-006	5.108384e-005
2.241379e-002	0.000000e+000	3.965517e-002	5.952711e-005	2.404101e-007	-1.488962e-005	6.136151e-005
2.241379e-002	0.000000e+000	4.310345e-002	6.393281e-005	2.301594e-007	-3.910173e-005	7.494266e-005
2.241379e-002	0.000000e+000	4.655172e-002	4.994257e-005	2.194244e-007	-7.492089e-005	9.004137e-005
2.241379e-002	0.000000e+000	5.000000e-002	2.427248e-006	2.082798e-007	-9.695315e-005	9.698375e-005
2.586207e-002	0.000000e+000	-5.000000e-002	2.272407e-006	2.041137e-007	2.042178e-004	2.042306e-004
2.586207e-002	0.000000e+000	-4.655172e-002	1.181384e-004	2.148543e-007	1.058386e-004	1.586145e-004
2.586207e-002	0.000000e+000	-4.310345e-002	1.031958e-004	2.251956e-007	2.875767e-005	1.071281e-004
2.586207e-002	0.000000e+000	-3.965517e-002	7.768124e-005	2.350666e-007	4.246367e-007	7.768276e-005
2.586207e-002	0.000000e+000	-3.620690e-002	5.920976e-005	2.443974e-007	-1.014689e-005	6.007341e-005
2.586207e-002	0.000000e+000	-3.275862e-002	4.647034e-005	2.531210e-007	-1.385500e-005	4.849245e-005
2.586207e-002	0.000000e+000	-2.931034e-002	3.756307e-005	2.611733e-007	-1.454741e-005	4.028249e-005
2.586207e-002	0.000000e+000	-2.586207e-002	3.123027e-005	2.684944e-007	-1.380876e-005	3.414797e-005
2.586207e-002	0.000000e+000	-2.241379e-002	2.667432e-005	2.750291e-007	-1.237505e-005	2.940641e-005
2.586207e-002	0.000000e+000	-1.896552e-002	2.337815e-005	2.807275e-007	-1.061334e-005	2.567605e-005
2.586207e-002	0.000000e+000	-1.551724e-002	2.099911e-005	2.855457e-007	-8.711673e-006	2.273626e-005
2.586207e-002	0.000000e+000	-1.206897e-002	1.930760e-005	2.894463e-007	-6.764636e-006	2.046039e-005
2.586207e-002	0.000000e+000	-8.620690e-003	1.815040e-005	2.923989e-007	-4.815834e-006	1.878070e-005
2.586207e-002	0.000000e+000	-5.172414e-003	1.742803e-005	2.943803e-007	-2.880530e-006	1.766693e-005
2.586207e-002	0.000000e+000	-1.724138e-003	1.708084e-005	2.953749e-007	-9.584470e-007	1.711026e-005
2.586207e-002	0.000000e+000	1.724138e-003	1.708084e-005	2.953749e-007	9.584470e-007	1.711026e-005
2.586207e-002	0.000000e+000	5.172414e-003	1.742803e-005	2.943803e-007	2.880530e-006	1.766693e-005
2.586207e-002	0.000000e+000	8.620690e-003	1.815040e-005	2.923989e-007	4.815834e-006	1.878070e-005
2.586207e-002	0.000000e+000	1.206897e-002	1.930760e-005	2.894463e-007	6.764636e-006	2.046039e-005
2.586207e-002	0.000000e+000	1.551724e-002	2.099911e-005	2.855457e-007	8.711673e-006	2.273626e-005
2.586207e-002	0.000000e+000	1.896552e-002	2.337815e-005	2.807275e-007	1.061334e-005	2.567605e-005
2.586207e-002	0.000000e+000	2.241379e-002	2.667432e-005	2.750291e-007	1.237505e-005	2.940641e-005
2.586207e-002	0.000000e+000	2.586207e-002	3.123027e-005	2.684944e-007	1.380876e-005	3.414797e-005
2.586207e-002	0.000000e+000	2.931034e-002	3.756307e-005	2.611733e-007	1.454741e-005	4.028249e-005
2.586207e-002	0.000000e+000	3.275862e-002	4.647034e-005	2.531210e-007	1.385500e-005	4.849245e-005
2.586207e-002	0.000000e+000	3.620690e-002	5.920976e-005	2.443974e-007	1.014689e-005	6.007341e-005
2.586207e-002	0.000000e+000	3.965517e-002	7.768124e-005	2.350666e-007	-4.246367e-007	7.768276e-005
2.586207e-002	0.000000e+000	4.310345e-002	1.031958e-004	2.251956e-007	-2.875767e-005	1.071281e-004
2.586207e-002	0.000000e+000	4.655172e-002	1.181384e-004	2.148543e-007	-1.058386e-004	1.586145e-004
2.586207e-002	0.000000e+000	5.000000e-002	2.272407e-006	2.041137e-007	-2.042178e-004	2.042306e-004
2.931034e-002	0.000000e+000	-5.000000e-002	2.102073e-006	1.998806e-007	1.408975e-003	1.408976e-003
2.931034e-002	0.000000e+000	-4.655172e-002	2.768437e-004	2.102182e-007	1.560200e-005	2.772831e-004
2.931034e-002	0.000000e+000	-4.310345e-002	1.379049e-004	2.201673e-007	-2.373937e-005	1.399335e-004
2.931034e-002	0.000000e+000	-3.965517e-002	8.767535e-005	2.296599e-007	-2.869341e-005	9.225146e-005
2.931034e-002	0.000000e+000	-3.620690e-002	6.172434e-005	2.386299e-007	-2.795986e-005	6.776212e-005
2.931034e-002	0.000000e+000	-3.275862e-002	4.611436e-005	2.470134e-007	-2.551024e-005	5.270074e-005
2.931034e-002	0.000000e+000	-2.931034e-002	3.598912e-005	2.547495e-007	-2.249193e-005	4.244018e-005
2.931034e-002	0.000000e+000	-2.586207e-002	2.914552e-005	2.617814e-007	-1.935973e-005	3.499041e-005
2.931034e-002	0.000000e+000	-2.241379e-002	2.440835e-005	2.680566e-007	-1.630963e-005	2.935716e-005
2.931034e-002	0.000000e+000	-1.896552e-002	2.108633e-005	2.735276e-007	-1.341783e-005	2.499493e-005
2.931034e-002	0.000000e+000	-1.551724e-002	1.874937e-005	2.781529e-007	-1.070064e-005	2.158981e-005
2.931034e-002	0.000000e+000	-1.206897e-002	1.712206e-005	2.818969e-007	-8.144207e-006	1.896240e-005
2.931034e-002	0.000000e+000	-8.620690e-003	1.602674e-005	2.847306e-007	-5.720002e-006	1.701928e-005
2.931034e-002	0.000000e+000	-5.172414e-003	1.535095e-005	2.866321e-007	-3.392754e-006	1.572401e-005
2.931034e-002	0.000000e+000	-1.724138e-003	1.502842e-005	2.875866e-007	-1.124352e-006	1.507317e-005
2.931034e-002	0.000000e+000	1.724138e-003	1.502842e-005	2.875866e-007	1.124352e-006	1.507317e-005
2.931034e-002	0.000000e+000	5.172414e-003	1.535095e-005	2.866321e-007	3.392754e-006	1.572401e-005
2.931034e-002	0.000000e+000	8.620690e-003	1.602674e-005	2.847306e-007	5.720002e-006	1.701928e-005
2.931034e-002	0.000000e+000	1.206897e-002	1.712206e-005	2.818969e-007	8.144207e-006	1.896240e-005
2.931034e-002	0.000000e+000	1.551724e-002	1.874937e-005	2.781529e-007	1.070064e-005	2.158981e-005
2.931034e-002	0.000000e+000	1.896552e-002	2.108633e-005	2.735276e-007	1.341783e-005	2.499493e-005
2.931034e-002	0.000000e+000	2.241379e-002	2.440835e-005	2.680566e-007	1.630963e-005	2.935716e-005
2.931034e-002	0.000000e+000	2.586207e-002	2.914552e-005	2.617814e-007	1.935973e-005	3.499041e-005
2.931034e-002	0.000000e+000	2.931034e-002	3.598912e-005	2.547495e-007	2.249193e-005	4.244018e-005
2.931034e-002	0.000000e+000	3.275862e-002	4.611436e-005	2.470134e-007	2.551024e-005	5.270074e-005
2.931034e-002	0.000000e+000	3.620690e-002	6.172434e-005	2.386299e-007	2.795986e-005	6.776212e-005
2.931034e-002	0.000000e+000	3.965517e-002	8.767535e-005	2.296599e-007	2.869341e-005	9.225146e-005
2.931034e-002	0.000000e+000	4.310345e-002	1.379049e-004	2.201673e-007	2.373937e-005	1.399335e-004
2.931034e-002	0.000000e+000	4.655172e-002	2.768437e-004	2.102182e-007	-1.560200e-005	2.772831e-004
2.931034e-002	0.000000e+000	5.000000e-002	2.102073e-006	1.998806e-007	-1.408975e-003	1.408976e-003
3.275862e-002	0.000000e+000	-5.000000e-002	1.918757e-006	1.955948e-007	-4.084699e-004	4.084744e-004
3.275862e-002	0.000000e+000	-4.655172e-002	1.730681e-004	2.055323e-007	-1.862577e-004	2.542529e-004
3.275862e-002	0.000000e+000	-4.310345e-002	1.163177e-004	2.150920e-007	-9.190292e-005	1.482430e-004
3.275862e-002	0.000000e+000	-3.965517e-002	7.787438e-005	2.242093e-007	-6.191374e-005	9.948759e-005
3.275862e-002	0.000000e+000	-3.620690e-002	5.497866e-005	2.328215e-007	-4.719019e-005	7.245427e-005
3.275862e-002	0.000000e+000	-3.275862e-002	4.063384e-005	2.408679e-007	-3.764198e-005	5.539031e-005
3.275862e-002	0.000000e+000	-2.931034e-002	3.128443e-005	2.482908e-007	-3.051112e-005	4.370017e-005
3.275862e-002	0.000000e+000	-2.586207e-002	2.502944e-005	2.550362e-007	-2.480892e-005	3.524231e-005
3.275862e-002	0.000000e+000	-2.241379e-002	2.076966e-005	2.610543e-007	-2.007538e-005	2.888716e-005
3.275862e-002	0.000000e+000	-1.896552e-002	1.783572e-005	2.663002e-007	-1.604198e-005	2.399019e-005
3.275862e-002	0.000000e+000	-1.551724e-002	1.580744e-005	2.707344e-007	-1.252569e-005	2.017031e-005
3.275862e-002	0.000000e+000	-1.206897e-002	1.441689e-005	2.743233e-007	-9.389812e-006	1.720728e-005
3.275862e-002	0.000000e+000	-8.620690e-003	1.349289e-005	2.770393e-007	-6.526280e-006	1.499091e-005
3.275862e-002	0.000000e+000	-5.172414e-003	1.292826e-005	2.788618e-007	-3.845672e-006	1.349099e-005
3.275862e-002	0.000000e+000	-1.724138e-003	1.266037e-005	2.797765e-007	-1.270421e-006	1.272703e-005
3.275862e-002	0.000000e+000	1.724138e-003	1.266037e-005	2.797765e-007	1.270421e-006	1.272703e-005
3.275862e-002	0.000000e+000	5.172414e-003	1.292826e-005	2.788618e-007	3.845672e-006	1.349099e-005
3.275862e-002	0.000000e+000	8.620690e-003	1.349289e-005	2.770393e-007	6.526280e-006	1.499091e-005
3.275862e-002	0.000000e+000	1.206897e-002	1.441689e-005	2.743233e-007	9.389812e-006	1.720728e-005
3.275862e-002	0.000000e+000	1.551724e-002	1.580744e-005	2.707344e-007	1.252569e-005	2.017031e-005
3.275862e-002	0.000000e+000	1.896552e-002	1.783572e-005	2.663002e-007	1.604198e-005	2.399019e-005
3.275862e-002	0.000000e+000	2.241379e-002	2.076966e-005	2.610543e-007	2.007538e-005	2.888716e-005
3.275862e-002	0.000000e+000	2.586207e-002	2.502944e-005	2.550362e-007	2.480892e-005	3.524231e-005
3.275862e-002	0.000000e+000	2.931034e-002	3.128443e-005	2.482908e-007	3.051112e-005	4.370017e-005
3.275862e-002	0.000000e+000	3.275862e-002	4.063384e-005	2.408679e-007	3.764198e-005	5.539031e-005
3.275862e-002	0.000000e+000	3.620690e-002	5.497866e-005	2.328215e-007	4.719019e-005	7.245427e-005
3.275862e-002	0.000000e+000	3.965517e-002	7.787438e-005	2.242093e-007	6.191374e-005	9.948759e-005
3.275862e-002	0.000000e+000	4.310345e-002	1.163177e-004	2.150920e-007	9.190292e-005	1.482430e-004
3.275862e-002	0.000000e+000	4.655172e-002	1.730681e-004	2.055323e-007	1.862577e-004	2.542529e-004
3.275862e-002	0.000000e+000	5.000000e-002	1.918757e-006	1.955948e-007	4.084699e-004	4.084744e-004
3.620690e-002	0.000000e+000	-5.000000e-002	1.725166e-006	1.912701e-007	-2.140467e-004	2.140537e-004
3.620690e-002	0.000000e+000	-4.655172e-002	6.206546e-005	2.008119e-007	-1.743072e-004	1.850275e-004
3.620690e-002	0.000000e+000	-4.310345e-002	6.711065e-005	2.099866e-007	-1.189806e-004	1.366026e-004
3.620690e-002	0.000000e+000	-3.965517e-002	5.351436e-005	2.187332e-007	-8.374804e-005	9.938596e-005
3.620690e-002	0.000000e+000	-3.620690e-002	4.023150e-005	2.269919e-007	-6.206884e-005	7.396733e-005
3.620690e-002	0.000000e+000	-3.275862e-002	3.040557e-005	2.347054e-007	-4.757561e-005	5.646231e-005
3.620690e-002	0.000000e+000	-2.931034e-002	2.360892e-005	2.418191e-007	-3.717067e-005	4.403520e-005
3.620690e-002	0.000000e+000	-2.586207e-002	1.898668e-005	2.482817e-007	-2.931516e-005	3.492756e-005
3.620690e-002	0.000000e+000	-2.241379e-002	1.584613e-005	2.540462e-007	-2.315249e-005	2.805712e-005
3.620690e-002	0.000000e+000	-1.896552e-002	1.370535e-005	2.590701e-007	-1.815515e-005	2.274892e-005
3.620690e-002	0.000000e+000	-1.551724e-002	1.224494e-005	2.633159e-007	-1.397400e-005	1.858173e-005
3.620690e-002	0.000000e+000	-1.206897e-002	1.125714e-005	2.667518e-007	-1.036536e-005	1.530474e-005
3.620690e-002	0.000000e+000	-8.620690e-003	1.060861e-005	2.693519e-007	-7.151039e-006	1.279658e-005
3.620690e-002	0.000000e+000	-5.172414e-003	1.021602e-005	2.710963e-007	-4.193997e-006	1.104673e-005
3.620690e-002	0.000000e+000	-1.724138e-003	1.003087e-005	2.719719e-007	-1.382323e-006	1.012932e-005
3.620690e-002	0.000000e+000	1.724138e-003	1.003087e-005	2.719719e-007	1.382323e-006	1.012932e-005
3.620690e-002	0.000000e+000	5.172414e-003	1.021602e-005	2.710963e-007	4.193997e-006	1.104673e-005
3.620690e-002	0.000000e+000	8.620690e-003	1.060861e-005	2.693519e-007	7.151039e-006	1.279658e-005
3.620690e-002	0.000000e+000	1.206897e-002	1.125714e-005	2.667518e-007	1.036536e-005	1.530474e-005
3.620690e-002	0.000000e+000	1.551724e-002	1.224494e-005	2.633159e-007	1.397400e-005	1.858173e-005
3.620690e-002	0.000000e+000	1.896552e-002	1.370535e-005	2.590701e-007	1.815515e-005	2.274892e-005
3.620690e-002	0.000000e+000	2.241379e-002	1.584613e-005	2.540462e-007	2.315249e-005	2.805712e-005
3.620690e-002	0.000000e+000	2.586207e-002	1.898668e-005	2.482817e-007	2.931516e-005	3.492756e-005
3.620690e-002	0.000000e+000	2.931034e-002	2.360892e-005	2.418191e-007	3.717067e-005	4.403520e-005
3.620690e-002	0.000000e+000	3.275862e-002	3.040557e-005	2.347054e-007	4.757561e-005	5.646231e-005
3.620690e-002	0.000000e+000	3.620690e-002	4.023150e-005	2.269919e-007	6.206884e-005	7.396733e-005
3.620690e-002	0.000000e+000	3.965517e-002	5.351436e-005	2.187332e-007	8.374804e-005	9.938596e-005
3.620690e-002	0.000000e+000	4.310345e-002	6.711065e-005	2.099866e-007	1.189806e-004	1.366026e-004
3.620690e-002	0.000000e+000	4.655172e-002	6.206546e-005	2.008119e-007	1.743072e-004	1.850275e-004
3.620690e-002	0.000000e+000	5.000000e-002	1.725166e-006	1.912701e-007	2.140467e-004	2.140537e-004
3.965517e-002	0.000000e+000	-5.000000e-002	1.524145e-006	1.869197e-007	-1.667097e-004	1.667168e-004
3.965517e-002	0.000000e+000	-4.655172e-002	2.238775e-005	1.960715e-007	-1.521307e-004	1.537693e-004
3.965517e-002	0.000000e+000	-4.310345e-002	2.942632e-005	2.048670e-007	-1.218913e-004	1.253931e-004
3.965517e-002	0.000000e+000	-3.965517e-002	2.677355e-005	2.132484e-007	-9.287859e-005	9.666076e-005
3.965517e-002	0.000000e+000	-3.620690e-002	2.165108e-005	2.211593e-007	-7.030108e-005	7.355991e-005
3.965517e-002	0.000000e+000	-3.275862e-002	1.712577e-005	2.285453e-007	-5.364840e-005	5.631603e-005
3.965517e-002	0.000000e+000	-2.931034e-002	1.379711e-005	2.353549e-007	-4.138013e-005	4.362030e-005
3.965517e-002	0.000000e+000	-2.586207e-002	1.150023e-005	2.415395e-007	-3.217719e-005	3.417141e-005
3.965517e-002	0.000000e+000	-2.241379e-002	9.951077e-006	2.470548e-007	-2.509085e-005	2.699325e-005
3.965517e-002	0.000000e+000	-1.896552e-002	8.914229e-006	2.518604e-007	-1.946778e-005	2.141311e-005
3.965517e-002	0.000000e+000	-1.551724e-002	8.223382e-006	2.559211e-007	-1.485936e-005	1.698499e-005
3.965517e-002	0.000000e+000	-1.206897e-002	7.767720e-006	2.592067e-007	-1.095250e-005	1.342989e-005
3.965517e-002	0.000000e+000	-8.620690e-003	7.475585e-006	2.616928e-007	-7.522044e-006	1.060820e-005
3.965517e-002	0.000000e+000	-5.172414e-003	7.302159e-006	2.633606e-007	-4.398826e-006	8.528808e-006
3.965517e-002	0.000000e+000	-1.724138e-003	7.221416e-006	2.641977e-007	-1.447787e-006	7.369853e-006
3.965517e-002	0.000000e+000	1.724138e-003	7.221416e-006	2.641977e-007	1.447787e-006	7.369853e-006
3.965517e-002	0.000000e+000	5.172414e-003	7.302159e-006	2.633606e-007	4.398826e-006	8.528808e-006
3.965517e-002	0.000000e+000	8.620690e-003	7.475585e-006	2.616928e-007	7.522044e-006	1.060820e-005
3.965517e-002	0.000000e+000	1.206897e-002	7.767720e-006	2.592067e-007	1.095250e-005	1.342989e-005
3.965517e-002	0.000000e+000	1.551724e-002	8.223382e-006	2.559211e-007	1.485936e-005	1.698499e-005
3.965517e-002	0.000000e+000	1.896552e-002	8.914229e-006	2.518604e-007	1.946778e-005	2.141311e-005
3.965517e-002	0.000000e+000	2.241379e-002	9.951077e-006	2.470548e-007	2.509085e-005	2.699325e-005
3.965517e-002	0.000000e+000	2.586207e-002	1.150023e-005	2.415395e-007	3.217719e-005	3.417141e-005
3.965517e-002	0.000000e+000	2.931034e-002	1.379711e-005	2.353549e-007	4.138013e-005	4.362030e-005
3.965517e-002	0.000000e+000	3.275862e-002	1.712577e-005	2.285453e-007	5.364840e-005	5.631603e-005
3.965517e-002	0.000000e+000	3.620690e-002	2.165108e-005	2.211593e-007	7.030108e-005	7.355991e-005
3.965517e-002	0.000000e+000	3.965517e-002	2.677355e-005	2.132484e-007	9.287859e-005	9.666076e-005
3.965517e-002	0.000000e+000	4.310345e-002	2.942632e-005	2.048670e-007	1.218913e-004	1.253931e-004
3.965517e-002	0.000000e+000	4.655172e-002	2.238775e-005	1.960715e-007	1.521307e-004	1.537693e-004
3.965517e-002	0.000000e+000	5.000000e-002	1.524145e-006	1.869197e-007	1.667097e-004	1.667168e-004
4.310345e-002	0.000000e+000	-5.000000e-002	1.318612e-006	1.825560e-007	-1.554228e-004	1.554285e-004
4.310345e-002	0.000000e+000	-4.655172e-002	1.103612e-006	1.913245e-007	-1.450507e-004	1.450551e-004
4.310345e-002	0.000000e+000	-4.310345e-002	1.227371e-006	1.997477e-007	-1.210501e-004	1.210565e-004
4.310345e-002	0.000000e+000	-3.965517e-002	1.625835e-006	2.077708e-007	-9.480200e-005	9.481617e-005
4.310345e-002	0.000000e+000	-3.620690e-002	2.103677e-006	2.153405e-007	-7.252470e-005	7.255552e-005
4.310345e-002	0.000000e+000	-3.275862e-002	2.553912e-006	2.224055e-007	-5.539368e-005	5.545297e-005
4.310345e-002	0.000000e+000	-2.931034e-002	2.945914e-006	2.289169e-007	-4.258803e-005	4.269041e-005
4.310345e-002	0.000000e+000	-2.586207e-002	3.278431e-006	2.348292e-007	-3.297024e-005	3.313367e-005
4.310345e-002	0.000000e+000	-2.241379e-002	3.557107e-006	2.401002e-007	-2.559801e-005	2.584509e-005
4.310345e-002	0.000000e+000	-1.896552e-002	3.787625e-006	2.446921e-007	-1.978655e-005	2.014730e-005
4.310345e-002	0.000000e+000	-1.551724e-002	3.974363e-006	2.485715e-007	-1.505642e-005	1.557412e-005
4.310345e-002	0.000000e+000	-1.206897e-002	4.120495e-006	2.517100e-007	-1.107152e-005	1.181610e-005
4.310345e-002	0.000000e+000	-8.620690e-003	4.228287e-006	2.540845e-007	-7.590787e-006	8.692699e-006
4.310345e-002	0.000000e+000	-5.172414e-003	4.299313e-006	2.556774e-007	-4.434115e-006	6.181491e-006
4.310345e-002	0.000000e+000	-1.724138e-003	4.334579e-006	2.564768e-007	-1.458609e-006	4.580600e-006
4.310345e-002	0.000000e+000	1.724138e-003	4.334579e-006	2.564768e-007	1.458609e-006	4.580600e-006
4.310345e-002	0.000000e+000	5.172414e-003	4.299313e-006	2.556774e-007	4.434115e-006	6.181491e-006
4.310345e-002	0.000000e+000	8.620690e-003	4.228287e-006	2.540845e-007	7.590787e-006	8.692699e-006
4.310345e-002	0.000000e+000	1.206897e-002	4.120495e-006	2.517100e-007	1.107152e-005	1.181610e-005
4.310345e-002	0.000000e+000	1.551724e-002	3.974363e-006	2.485715e-007	1.505642e-005	1.557412e-005
4.310345e-002	0.000000e+000	1.896552e-002	3.787625e-006	2.446921e-007	1.978655e-005	2.014730e-005
4.310345e-002	0.000000e+000	2.241379e-002	3.557107e-006	2.401002e-007	2.559801e-005	2.584509e-005
4.310345e-002	0.000000e+000	2.586207e-002	3.278431e-006	2.348292e-007	3.297024e-005	3.313367e-005
4.310345e-002	0.000000e+000	2.931034e-002	2.945914e-006	2.289169e-007	4.258803e-005	4.269041e-005
4.310345e-002	0.000000e+000	3.275862e-002	2.553912e-006	2.224055e-007	5.539368e-005	5.545297e-005
4.310345e-002	0.000000e+000	3.620690e-002	2.103677e-006	2.153405e-007	7.252470e-005	7.255552e-005
4.310345e-002	0.000000e+000	3.965517e-002	1.625835e-006	2.077708e-007	9.480200e-005	9.481617e-005
4.310345e-002	0.000000e+000	4.310345e-002	1.227371e-006	1.997477e-007	1.210501e-004	1.210565e-004
4.310345e-002	0.000000e+000	4.655172e-002	1.103612e-006	1.913245e-007	1.450507e-004	1.450551e-004
4.310345e-002	0.000000e+000	5.000000e-002	1.318612e-006	1.825560e-007	1.554228e-004	1.554285e-004
4.655172e-002	0.000000e+000	-5.000000e-002	1.111485e-006	1.781905e-007	-1.674923e-004	1.674961e-004
4.655172e-002	0.000000e+000	-4.655172e-002	-2.061787e-005	1.865838e-007	-1.522855e-004	1.536750e-004
4.655172e-002	0.000000e+000	-4.310345e-002	-2.725746e-005	1.946425e-007	-1.212013e-004	1.242287e-004
4.655172e-002	0.000000e+000	-3.965517e-002	-2.357875e-005	2.023151e-007	-9.188191e-005	9.485928e-005
4.655172e-002	0.000000e+000	-3.620690e-002	-1.740272e-005	2.095512e-007	-6.932531e-005	7.147655e-005
4.655172e-002	0.000000e+000	-3.275862e-002	-1.195477e-005	2.163023e-007	-5.279032e-005	5.412746e-005
4.655172e-002	0.000000e+000	-2.931034e-002	-7.844053e-006	2.225225e-007	-4.064902e-005	4.139954e-005
4.655172e-002	0.000000e+000	-2.586207e-002	-4.888596e-006	2.281686e-007	-3.156129e-005	3.193847e-005
4.655172e-002	0.000000e+000	-2.241379e-002	-2.787853e-006	2.332012e-007	-2.457719e-005	2.473590e-005
4.655172e-002	0.000000e+000	-1.896552e-002	-1.294265e-006	2.375844e-007	-1.904626e-005	1.909167e-005
4.655172e-002	0.000000e+000	-1.551724e-002	-2.330226e-007	2.412868e-007	-1.452270e-005	1.452657e-005
4.655172e-002	0.000000e+000	-1.206897e-002	5.127076e-007	2.442817e-007	-1.069547e-005	1.071053e-005
4.655172e-002	0.000000e+000	-8.620690e-003	1.018894e-006	2.465473e-007	-7.340941e-006	7.415412e-006
4.655172e-002	0.000000e+000	-5.172414e-003	1.333388e-006	2.480669e-007	-4.291141e-006	4.500372e-006
4.655172e-002	0.000000e+000	-1.724138e-003	1.484181e-006	2.488296e-007	-1.412053e-006	2.063638e-006
4.655172e-002	0.000000e+000	1.724138e-003	1.484181e-006	2.488296e-007	1.412053e-006	2.063638e-006
4.655172e-002	0.000000e+000	5.172414e-003	1.333388e-006	2.480669e-007	4.291141e-006	4.500372e-006
4.655172e-002	0.000000e+000	8.620690e-003	1.018894e-006	2.465473e-007	7.340941e-006	7.415412e-006
4.655172e-002	0.000000e+000	1.206897e-002	5.127076e-007	2.442817e-007	1.069547e-005	1.071053e-005
4.655172e-002	0.000000e+000	1.551724e-002	-2.330226e-007	2.412868e-007	1.452270e-005	1.452657e-005
4.655172e-002	0.000000e+000	1.896552e-002	-1.294265e-006	2.375844e-007	1.904626e-005	1.909167e-005
4.655172e-002	0.000000e+000	2.241379e-002	-2.787853e-006	2.332012e-007	2.457719e-005	2.473590e-005
4.655172e-002	0.000000e+000	2.586207e-002	-4.888596e-006	2.281686e-007	3.156129e-005	3.193847e-005
4.655172e-002	0.000000e+000	2.931034e-002	-7.844053e-006	2.225225e-007	4.064902e-005	4.139954e-005
4.655172e-002	0.000000e+000	3.275862e-002	-1.195477e-005	2.163023e-007	5.279032e-005	5.412746e-005
4.655172e-002	0.000000e+000	3.620690e-002	-1.740272e-005	2.095512e-007	6.932531e-005	7.147655e-005
4.655172e-002	0.000000e+000	3.965517e-002	-2.357875e-005	2.023151e-007	9.188191e-005	9.485928e-005
4.655172e-002	0.000000e+000	4.310345e-002	-2.725746e-005	1.946425e-007	1.212013e-004	1.242287e-004
4.655172e-002	0.000000e+000	4.655172e-002	-2.061787e-005	1.865838e-007	1.522855e-004	1.536750e-004
4.655172e-002	0.000000e+000	5.000000e-002	1.111485e-006	1.781905e-007	1.674923e-004	1.674961e-004
5.000000e-002	0.000000e+000	-5.000000e-002	9.056053e-007	1.738341e-007	-2.176257e-004	2.176276e-004
5.000000e-002	0.000000e+000	-4.655172e-002	-6.248286e-005	1.818609e-007	-1.745531e-004	1.853994e-004
5.000000e-002	0.000000e+000	-4.310345e-002	-6.573988e-005	1.895640e-007	-1.168995e-004	1.341166e-004
5.000000e-002	0.000000e+000	-3.965517e-002	-5.032724e-005	1.968946e-007	-8.145513e-005	9.574867e-005
5.000000e-002	0.000000e+000	-3.620690e-002	-3.579164e-005	2.038054e-007	-6.004645e-005	6.990465e-005
5.000000e-002	0.000000e+000	-3.275862e-002	-2.502653e-005	2.102506e-007	-4.585959e-005	5.224437e-005
5.000000e-002	0.000000e+000	-2.931034e-002	-1.746972e-005	2.161870e-007	-3.572272e-005	3.976620e-005
5.000000e-002	0.000000e+000	-2.586207e-002	-1.221202e-005	2.215740e-007	-2.809669e-005	3.063668e-005
5.000000e-002	0.000000e+000	-2.241379e-002	-8.537458e-006	2.263743e-007	-2.213516e-005	2.372561e-005
5.000000e-002	0.000000e+000	-1.896552e-002	-5.952455e-006	2.305544e-007	-1.731927e-005	1.831507e-005
5.000000e-002	0.000000e+000	-1.551724e-002	-4.130547e-006	2.340845e-007	-1.330578e-005	1.393413e-005
5.000000e-002	0.000000e+000	-1.206897e-002	-2.859052e-006	2.369396e-007	-9.854936e-006	1.026402e-005
5.000000e-002	0.000000e+000	-8.620690e-003	-2.000963e-006	2.390992e-007	-6.791305e-006	7.083985e-006
5.000000e-002	0.000000e+000	-5.172414e-003	-1.470203e-006	2.405477e-007	-3.980077e-006	4.249749e-006
5.000000e-002	0.000000e+000	-1.724138e-003	-1.216436e-006	2.412746e-007	-1.311335e-006	1.804863e-006
5.000000e-002	0.000000e+000	1.724138e-003	-1.216436e-006	2.412746e-007	1.311335e-006	1.804863e-006
5.000000e-002	0.000000e+000	5.172414e-003	-1.470203e-006	2.405477e-007	3.980077e-006	4.249749e-006
5.000000e-002	0.000000e+000	8.620690e-003	-2.000963e-006	2.390992e-007	6.791305e-006	7.083985e-006
5.000000e-002	0.000000e+000	1.206897e-002	-2.859052e-006	2.369396e-007	9.854936e-006	1.026402e-005
5.000000e-002	0.000000e+000	1.551724e-002	-4.130547e-006	2.340845e-007	1.330578e-005	1.393413e-005
5.000000e-002	0.000000e+000	1.896552e-002	-5.952455e-006	2.305544e-007	1.731927e-005	1.831507e-005
5.000000e-002	0.000000e+000	2.241379e-002	-8.537458e-006	2.263743e-007	2.213516e-005	2.372561e-005
5.000000e-002	0.000000e+000	2.586207e-002	-1.221202e-005	2.215740e-007	2.809669e-005	3.063668e-005
5.000000e-002	0.000000e+000	2.931034e-002	-1.746972e-005	2.161870e-007	3.572272e-005	3.976620e-005
5.000000e-002	0.000000e+000	3.275862e-002	-2.502653e-005	2.102506e-007	4.585959e-005	5.224437e-005
5.000000e-002	0.000000e+000	3.620690e-002	-3.579164e-005	2.038054e-007	6.004645e-005	6.990465e-005
5.000000e-002	0.000000e+000	3.965517e-002	-5.032724e-005	1.968946e-007	8.145513e-005	9.574867e-005
5.000000e-002	0.000000e+000	4.310345e-002	-6.573988e-005	1.895640e-007	1.168995e-004	1.341166e-004
5.000000e-002	0.000000e+000	4.655172e-002	-6.248286e-005	1.818609e-007	1.745531e-004	1.853994e-004
5.000000e-002	0.000000e+000	5.000000e-002	9.056053e-007	1.738341e-007	2.176257e-004	2.176276e-004
