0.000000e+000	-5.000000e-002	-5.000000e-002	0.000000e+000	2.907232e-006	-1.638938e-004	1.639196e-004
0.000000e+000	-5.000000e-002	-4.655172e-002	0.000000e+000	5.373434e-005	-1.393889e-004	1.493876e-004
0.000000e+000	-5.000000e-002	-4.310345e-002	0.000000e+000	7.004458e-005	-9.826142e-005	1.206713e-004
0.000000e+000	-5.000000e-002	-3.965517e-002	0.000000e+000	6.681086e-005	-6.803134e-005	9.535174e-005
0.000000e+000	-5.000000e-002	-3.620690e-002	0.000000e+000	5.887056e-005	-4.901811e-005	7.660626e-005
0.000000e+000	-5.000000e-002	-3.275862e-002	0.000000e+000	5.113151e-005	-3.684076e-005	6.302121e-005
0.000000e+000	-5.000000e-002	-2.931034e-002	0.000000e+000	4.465152e-005	-2.855947e-005	5.300378e-005
0.000000e+000	-5.000000e-002	-2.586207e-002	0.000000e+000	3.945486e-005	-2.255435e-005	4.544650e-005
0.000000e+000	-5.000000e-002	-2.241379e-002	0.000000e+000	3.535016e-005	-1.793720e-005	3.964060e-005
0.000000e+000	-5.000000e-002	-1.896552e-002	0.000000e+000	3.213968e-005	-1.420126e-005	3.513737e-005
0.000000e+000	-5.000000e-002	-1.551724e-002	0.000000e+000	2.966389e-005	-1.104229e-005	3.165246e-005
0.000000e+000	-5.000000e-002	-1.206897e-002	0.000000e+000	2.780378e-005	-8.267413e-006	2.900690e-005
0.000000e+000	-5.000000e-002	-8.620690e-003	0.000000e+000	2.647434e-005	-5.747118e-006	2.709096e-005
0.000000e+000	-5.000000e-002	-5.172414e-003	0.000000e+000	2.561770e-005	-3.388572e-006	2.584083e-005
0.000000e+000	-5.000000e-002	-1.724138e-003	0.000000e+000	2.519795e-005	-1.119909e-006	2.522283e-005
0.000000e+000	-5.000000e-002	1.724138e-003	0.000000e+000	2.519795e-005	1.119909e-006	2.522283e-005
0.000000e+000	-5.000000e-002	5.172414e-003	0.000000e+000	2.561770e-005	3.388572e-006	2.584083e-005
0.000000e+000	-5.000000e-002	8.620690e-003	0.000000e+000	2.647434e-005	5.747118e-006	2.709096e-005
0.000000e+000	-5.000000e-002	1.206897e-002	0.000000e+000	2.780378e-005	8.267413e-006	2.900690e-005
0.000000e+000	-5.000000e-002	1.551724e-002	0.000000e+000	2.966389e-005	1.104229e-005	3.165246e-005
0.000000e+000	-5.000000e-002	1.896552e-002	0.000000e+000	3.213968e-005	1.420126e-005	3.513737e-005
0.000000e+000	-5.000000e-002	2.241379e-002	0.000000e+000	3.535016e-005	1.793720e-005	3.964060e-005
0.000000e+000	-5.000000e-002	2.586207e-002	0.000000e+000	3.945486e-005	2.255435e-005	4.544650e-005
0.000000e+000	-5.000000e-002	2.931034e-002	0.000000e+000	4.465152e-005	2.855947e-005	5.300378e-005
0.000000e+000	-5.000000e-002	3.275862e-002	0.000000e+000	5.113151e-005	3.684076e-005	6.302121e-005
0.000000e+000	-5.000000e-002	3.620690e-002	0.000000e+000	5.887056e-005	4.901811e-005	7.660626e-005
0.000000e+000	-5.000000e-002	3.965517e-002	0.000000e+000	6.681086e-005	6.803134e-005	9.535174e-005
0.000000e+000	-5.000000e-002	4.310345e-002	0.000000e+000	7.004458e-005	9.826142e-005	1.206713e-004
0.000000e+000	-5.000000e-002	4.655172e-002	0.000000e+000	5.373434e-005	1.393889e-004	1.493876e-004
0.000000e+000	-5.000000e-002	5.000000e-002	0.000000e+000	2.907232e-006	1.638938e-004	1.639196e-004
0.000000e+000	-4.655172e-002	-5.000000e-002	0.000000e+000	2.809646e-006	-1.213131e-004	1.213457e-004
0.000000e+000	-4.655172e-002	-4.655172e-002	0.000000e+000	2.981109e-005	-1.117824e-004	1.156893e-004
0.000000e+000	-4.655172e-002	-4.310345e-002	0.000000e+000	4.526694e-005	-9.127385e-005	1.018823e-004
0.000000e+000	-4.655172e-002	-3.965517e-002	0.000000e+000	4.956541e-005	-7.073759e-005	8.637440e-005
0.000000e+000	-4.655172e-002	-3.620690e-002	0.000000e+000	4.799687e-005	-5.446305e-005	7.259424e-005
0.000000e+000	-4.655172e-002	-3.275862e-002	0.000000e+000	4.431079e-005	-4.239668e-005	6.132638e-005
0.000000e+000	-4.655172e-002	-2.931034e-002	0.000000e+000	4.025933e-005	-3.344300e-005	5.233783e-005
0.000000e+000	-4.655172e-002	-2.586207e-002	0.000000e+000	3.651852e-005	-2.661854e-005	4.519015e-005
0.000000e+000	-4.655172e-002	-2.241379e-002	0.000000e+000	3.330197e-005	-2.122929e-005	3.949309e-005
0.000000e+000	-4.655172e-002	-1.896552e-002	0.000000e+000	3.064406e-005	-1.681306e-005	3.495336e-005
0.000000e+000	-4.655172e-002	-1.551724e-002	0.000000e+000	2.851722e-005	-1.306247e-005	3.136654e-005
0.000000e+000	-4.655172e-002	-1.206897e-002	0.000000e+000	2.687843e-005	-9.768314e-006	2.859843e-005
0.000000e+000	-4.655172e-002	-8.620690e-003	0.000000e+000	2.568698e-005	-6.782731e-006	2.656739e-005
0.000000e+000	-4.655172e-002	-5.172414e-003	0.000000e+000	2.491072e-005	-3.995743e-006	2.522915e-005
0.000000e+000	-4.655172e-002	-1.724138e-003	0.000000e+000	2.452801e-005	-1.319973e-006	2.456350e-005
0.000000e+000	-4.655172e-002	1.724138e-003	0.000000e+000	2.452801e-005	1.319973e-006	2.456350e-005
0.000000e+000	-4.655172e-002	5.172414e-003	0.000000e+000	2.491072e-005	3.995743e-006	2.522915e-005
0.000000e+000	-4.655172e-002	8.620690e-003	0.000000e+000	2.568698e-005	6.782731e-006	2.656739e-005
0.000000e+000	-4.655172e-002	1.206897e-002	0.000000e+000	2.687843e-005	9.768314e-006	2.859843e-005
0.000000e+000	-4.655172e-002	1.551724e-002	0.000000e+000	2.851722e-005	1.306247e-005	3.136654e-005
0.000000e+000	-4.655172e-002	1.896552e-002	0.000000e+000	3.064406e-005	1.681306e-005	3.495336e-005
0.000000e+000	-4.655172e-002	2.241379e-002	0.000000e+000	3.330197e-005	2.122929e-005	3.949309e-005
0.000000e+000	-4.655172e-002	2.586207e-002	0.000000e+000	3.651852e-005	2.661854e-005	4.519015e-005
0.000000e+000	-4.655172e-002	2.931034e-002	0.000000e+000	4.025933e-005	3.344300e-005	5.233783e-005
0.000000e+000	-4.655172e-002	3.275862e-002	0.000000e+000	4.431079e-005	4.239668e-005	6.132638e-005
0.000000e+000	-4.655172e-002	3.620690e-002	0.000000e+000	4.799687e-005	5.446305e-005	7.259424e-005
0.000000e+000	-4.655172e-002	3.965517e-002	0.000000e+000	4.956541e-005	7.073759e-005	8.637440e-005
0.000000e+000	-4.655172e-002	4.310345e-002	0.000000e+000	4.526694e-005	9.127385e-005	1.018823e-004
0.000000e+000	-4.655172e-002	4.655172e-002	0.000000e+000	2.981109e-005	1.117824e-004	1.156893e-004
0.000000e+000	-4.655172e-002	5.000000e-002	0.000000e+000	2.809646e-006	1.213131e-004	1.213457e-004
0.000000e+000	-4.310345e-002	-5.000000e-002	0.000000e+000	2.692871e-006	-9.853475e-005	9.857154e-005
0.000000e+000	-4.310345e-002	-4.655172e-002	0.000000e+000	1.923127e-005	-9.367898e-005	9.563259e-005
0.000000e+000	-4.310345e-002	-4.310345e-002	0.000000e+000	3.103628e-005	-8.217407e-005	8.783978e-005
0.000000e+000	-4.310345e-002	-3.965517e-002	0.000000e+000	3.691959e-005	-6.853415e-005	7.784591e-005
0.000000e+000	-4.310345e-002	-3.620690e-002	0.000000e+000	3.840091e-005	-5.584603e-005	6.777469e-005
0.000000e+000	-4.310345e-002	-3.275862e-002	0.000000e+000	3.742530e-005	-4.518852e-005	5.867415e-005
0.000000e+000	-4.310345e-002	-2.931034e-002	0.000000e+000	3.536467e-005	-3.654474e-005	5.085448e-005
0.000000e+000	-4.310345e-002	-2.586207e-002	0.000000e+000	3.299235e-005	-2.954459e-005	4.428745e-005
0.000000e+000	-4.310345e-002	-2.241379e-002	0.000000e+000	3.069614e-005	-2.379000e-005	3.883577e-005
0.000000e+000	-4.310345e-002	-1.896552e-002	0.000000e+000	2.865390e-005	-1.895079e-005	3.435373e-005
0.000000e+000	-4.310345e-002	-1.551724e-002	0.000000e+000	2.693816e-005	-1.477422e-005	3.072364e-005
0.000000e+000	-4.310345e-002	-1.206897e-002	0.000000e+000	2.557166e-005	-1.107052e-005	2.786515e-005
0.000000e+000	-4.310345e-002	-8.620690e-003	0.000000e+000	2.455571e-005	-7.695530e-006	2.573333e-005
0.000000e+000	-4.310345e-002	-5.172414e-003	0.000000e+000	2.388417e-005	-4.536120e-006	2.431111e-005
0.000000e+000	-4.310345e-002	-1.724138e-003	0.000000e+000	2.355038e-005	-1.498853e-006	2.359803e-005
0.000000e+000	-4.310345e-002	1.724138e-003	0.000000e+000	2.355038e-005	1.498853e-006	2.359803e-005
0.000000e+000	-4.310345e-002	5.172414e-003	0.000000e+000	2.388417e-005	4.536120e-006	2.431111e-005
0.000000e+000	-4.310345e-002	8.620690e-003	0.000000e+000	2.455571e-005	7.695530e-006	2.573333e-005
0.000000e+000	-4.310345e-002	1.206897e-002	0.000000e+000	2.557166e-005	1.107052e-005	2.786515e-005
0.000000e+000	-4.310345e-002	1.551724e-002	0.000000e+000	2.693816e-005	1.477422e-005	3.072364e-005
0.000000e+000	-4.310345e-002	1.896552e-002	0.000000e+000	2.865390e-005	1.895079e-005	3.435373e-005
0.000000e+000	-4.310345e-002	2.241379e-002	0.000000e+000	3.069614e-005	2.379000e-005	3.883577e-005
0.000000e+000	-4.310345e-002	2.586207e-002	0.000000e+000	3.299235e-005	2.954459e-005	4.428745e-005
0.000000e+000	-4.310345e-002	2.931034e-002	0.000000e+000	3.536467e-005	3.654474e-005	5.085448e-005
0.000000e+000	-4.310345e-002	3.275862e-002	0.000000e+000	3.742530e-005	4.518852e-005	5.867415e-005
0.000000e+000	-4.310345e-002	3.620690e-002	0.000000e+000	3.840091e-005	5.584603e-005	6.777469e-005
0.000000e+000	-4.310345e-002	3.965517e-002	0.000000e+000	3.691959e-005	6.853415e-005	7.784591e-005
0.000000e+000	-4.310345e-002	4.310345e-002	0.000000e+000	3.103628e-005	8.217407e-005	8.783978e-005
0.000000e+000	-4.310345e-002	4.655172e-002	0.000000e+000	1.923127e-005	9.367898e-005	9.563259e-005
0.000000e+000	-4.310345e-002	5.000000e-002	0.000000e+000	2.692871e-006	9.853475e-005	9.857154e-005
0.000000e+000	-3.965517e-002	-5.000000e-002	0.000000e+000	2.557245e-006	-8.433325e-005	8.437201e-005
0.000000e+000	-3.965517e-002	-4.655172e-002	0.000000e+000	1.365389e-005	-8.137246e-005	8.251004e-005
0.000000e+000	-3.965517e-002	-4.310345e-002	0.000000e+000	2.249491e-005	-7.416551e-005	7.750189e-005
0.000000e+000	-3.965517e-002	-3.965517e-002	0.000000e+000	2.807453e-005	-6.477144e-005	7.059404e-005
0.000000e+000	-3.965517e-002	-3.620690e-002	0.000000e+000	3.069678e-005	-5.505111e-005	6.303108e-005
0.000000e+000	-3.965517e-002	-3.275862e-002	0.000000e+000	3.123865e-005	-4.606630e-005	5.565929e-005
0.000000e+000	-3.965517e-002	-2.931034e-002	0.000000e+000	3.055763e-005	-3.819337e-005	4.891321e-005
0.000000e+000	-3.965517e-002	-2.586207e-002	0.000000e+000	2.927834e-005	-3.143038e-005	4.295451e-005
0.000000e+000	-3.965517e-002	-2.241379e-002	0.000000e+000	2.779579e-005	-2.562422e-005	3.780485e-005
0.000000e+000	-3.965517e-002	-1.896552e-002	0.000000e+000	2.634042e-005	-2.058716e-005	3.343125e-005
0.000000e+000	-3.965517e-002	-1.551724e-002	0.000000e+000	2.503946e-005	-1.614374e-005	2.979253e-005
0.000000e+000	-3.965517e-002	-1.206897e-002	0.000000e+000	2.395980e-005	-1.214404e-005	2.686168e-005
0.000000e+000	-3.965517e-002	-8.620690e-003	0.000000e+000	2.313472e-005	-8.463139e-006	2.463412e-005
0.000000e+000	-3.965517e-002	-5.172414e-003	0.000000e+000	2.257962e-005	-4.996118e-006	2.312576e-005
0.000000e+000	-3.965517e-002	-1.724138e-003	0.000000e+000	2.230097e-005	-1.652011e-006	2.236208e-005
0.000000e+000	-3.965517e-002	1.724138e-003	0.000000e+000	2.230097e-005	1.652011e-006	2.236208e-005
0.000000e+000	-3.965517e-002	5.172414e-003	0.000000e+000	2.257962e-005	4.996118e-006	2.312576e-005
0.000000e+000	-3.965517e-002	8.620690e-003	0.000000e+000	2.313472e-005	8.463139e-006	2.463412e-005
0.000000e+000	-3.965517e-002	1.206897e-002	0.000000e+000	2.395980e-005	1.214404e-005	2.686168e-005
0.000000e+000	-3.965517e-002	1.551724e-002	0.000000e+000	2.503946e-005	1.614374e-005	2.979253e-005
0.000000e+000	-3.965517e-002	1.896552e-002	0.000000e+000	2.634042e-005	2.058716e-005	3.343125e-005
0.000000e+000	-3.965517e-002	2.241379e-002	0.000000e+000	2.779579e-005	2.562422e-005	3.780485e-005
0.000000e+000	-3.965517e-002	2.586207e-002	0.000000e+000	2.927834e-005	3.143038e-005	4.295451e-005
0.000000e+000	-3.965517e-002	2.931034e-002	0.000000e+000	3.055763e-005	3.819337e-005	4.891321e-005
0.000000e+000	-3.965517e-002	3.275862e-002	0.000000e+000	3.123865e-005	4.606630e-005	5.565929e-005
0.000000e+000	-3.965517e-002	3.620690e-002	0.000000e+000	3.069678e-005	5.505111e-005	6.303108e-005
0.000000e+000	-3.965517e-002	3.965517e-002	0.000000e+000	2.807453e-005	6.477144e-005	7.059404e-005
0.000000e+000	-3.965517e-002	4.310345e-002	0.000000e+000	2.249491e-005	7.416551e-005	7.750189e-005
0.000000e+000	-3.965517e-002	4.655172e-002	0.000000e+000	1.365389e-005	8.137246e-005	8.251004e-005
0.000000e+000	-3.965517e-002	5.000000e-002	0.000000e+000	2.557245e-006	8.433325e-005	8.437201e-005
0.000000e+000	-3.620690e-002	-5.000000e-002	0.000000e+000	2.403355e-006	-7.465467e-005	7.469335e-005
0.000000e+000	-3.620690e-002	-4.655172e-002	0.000000e+000	1.031181e-005	-7.259924e-005	7.332791e-005
0.000000e+000	-3.620690e-002	-4.310345e-002	0.000000e+000	1.702116e-005	-6.765047e-005	6.975892e-005
0.000000e+000	-3.620690e-002	-3.965517e-002	0.000000e+000	2.183362e-005	-6.084565e-005	6.464441e-005
0.000000e+000	-3.620690e-002	-3.620690e-002	0.000000e+000	2.469635e-005	-5.329144e-005	5.873574e-005
0.000000e+000	-3.620690e-002	-3.275862e-002	0.000000e+000	2.596987e-005	-4.579840e-005	5.264910e-005
0.000000e+000	-3.620690e-002	-2.931034e-002	0.000000e+000	2.613980e-005	-3.880793e-005	4.679043e-005
0.000000e+000	-3.620690e-002	-2.586207e-002	0.000000e+000	2.564228e-005	-3.248275e-005	4.138425e-005
0.000000e+000	-3.620690e-002	-2.241379e-002	0.000000e+000	2.480542e-005	-2.682384e-005	3.653528e-005
0.000000e+000	-3.620690e-002	-1.896552e-002	0.000000e+000	2.385301e-005	-2.175621e-005	3.228466e-005
0.000000e+000	-3.620690e-002	-1.551724e-002	0.000000e+000	2.292881e-005	-1.717821e-005	2.864998e-005
0.000000e+000	-3.620690e-002	-1.206897e-002	0.000000e+000	2.212135e-005	-1.298526e-005	2.565095e-005
0.000000e+000	-3.620690e-002	-8.620690e-003	0.000000e+000	2.148334e-005	-9.079294e-006	2.332311e-005
0.000000e+000	-3.620690e-002	-5.172414e-003	0.000000e+000	2.104494e-005	-5.370805e-006	2.171947e-005
0.000000e+000	-3.620690e-002	-1.724138e-003	0.000000e+000	2.082228e-005	-1.777635e-006	2.089802e-005
0.000000e+000	-3.620690e-002	1.724138e-003	0.000000e+000	2.082228e-005	1.777635e-006	2.089802e-005
0.000000e+000	-3.620690e-002	5.172414e-003	0.000000e+000	2.104494e-005	5.370805e-006	2.171947e-005
0.000000e+000	-3.620690e-002	8.620690e-003	0.000000e+000	2.148334e-005	9.079294e-006	2.332311e-005
0.000000e+000	-3.620690e-002	1.206897e-002	0.000000e+000	2.212135e-005	1.298526e-005	2.565095e-005
0.000000e+000	-3.620690e-002	1.551724e-002	0.000000e+000	2.292881e-005	1.717821e-005	2.864998e-005
0.000000e+000	-3.620690e-002	1.896552e-002	0.000000e+000	2.385301e-005	2.175621e-005	3.228466e-005
0.000000e+000	-3.620690e-002	2.241379e-002	0.000000e+000	2.480542e-005	2.682384e-005	3.653528e-005
0.000000e+000	-3.620690e-002	2.586207e-002	0.000000e+000	2.564228e-005	3.248275e-005	4.138425e-005
0.000000e+000	-3.620690e-002	2.931034e-002	0.000000e+000	2.613980e-005	3.880793e-005	4.679043e-005
0.000000e+000	-3.620690e-002	3.275862e-002	0.000000e+000	2.596987e-005	4.579840e-005	5.264910e-005
0.000000e+000	-3.620690e-002	3.620690e-002	0.000000e+000	2.469635e-005	5.329144e-005	5.873574e-005
0.000000e+000	-3.620690e-002	3.965517e-002	0.000000e+000	2.183362e-005	6.084565e-005	6.464441e-005
0.000000e+000	-3.620690e-002	4.310345e-002	0.000000e+000	1.702116e-005	6.765047e-005	6.975892e-005
0.000000e+000	-3.620690e-002	4.655172e-002	0.000000e+000	1.031181e-005	7.259924e-005	7.332791e-005
0.000000e+000	-3.620690e-002	5.000000e-002	0.000000e+000	2.403355e-006	7.465467e-005	7.469335e-005
0.000000e+000	-3.275862e-002	-5.000000e-002	0.000000e+000	2.232031e-006	-6.767505e-005	6.771185e-005
0.000000e+000	-3.275862e-002	-4.655172e-002	0.000000e+000	8.102240e-006	-6.610227e-005	6.659697e-005
0.000000e+000	-3.275862e-002	-4.310345e-002	0.000000e+000	1.328176e-005	-6.243813e-005	6.383514e-005
0.000000e+000	-3.275862e-002	-3.965517e-002	0.000000e+000	1.729992e-005	-5.725234e-005	5.980901e-005
0.000000e+000	-3.275862e-002	-3.620690e-002	0.000000e+000	2.001981e-005	-5.122203e-005	5.499536e-005
0.000000e+000	-3.275862e-002	-3.275862e-002	0.000000e+000	2.156961e-005	-4.492644e-005	4.983606e-005
0.000000e+000	-3.275862e-002	-2.931034e-002	0.000000e+000	2.221013e-005	-3.875776e-005	4.467051e-005
0.000000e+000	-3.275862e-002	-2.586207e-002	0.000000e+000	2.222470e-005	-3.292819e-005	3.972660e-005
0.000000e+000	-3.275862e-002	-2.241379e-002	0.000000e+000	2.185957e-005	-2.751829e-005	3.514395e-005
0.000000e+000	-3.275862e-002	-1.896552e-002	0.000000e+000	2.130476e-005	-2.252773e-005	3.100631e-005
0.000000e+000	-3.275862e-002	-1.551724e-002	0.000000e+000	2.069650e-005	-1.791296e-005	2.737187e-005
0.000000e+000	-3.275862e-002	-1.206897e-002	0.000000e+000	2.012769e-005	-1.361075e-005	2.429766e-005
0.000000e+000	-3.275862e-002	-8.620690e-003	0.000000e+000	1.965912e-005	-9.550962e-006	2.185640e-005
0.000000e+000	-3.275862e-002	-5.172414e-003	0.000000e+000	1.932883e-005	-5.662675e-006	2.014124e-005
0.000000e+000	-3.275862e-002	-1.724138e-003	0.000000e+000	1.915871e-005	-1.876299e-006	1.925037e-005
0.000000e+000	-3.275862e-002	1.724138e-003	0.000000e+000	1.915871e-005	1.876299e-006	1.925037e-005
0.000000e+000	-3.275862e-002	5.172414e-003	0.000000e+000	1.932883e-005	5.662675e-006	2.014124e-005
0.000000e+000	-3.275862e-002	8.620690e-003	0.000000e+000	1.965912e-005	9.550962e-006	2.185640e-005
0.000000e+000	-3.275862e-002	1.206897e-002	0.000000e+000	2.012769e-005	1.361075e-005	2.429766e-005
0.000000e+000	-3.275862e-002	1.551724e-002	0.000000e+000	2.069650e-005	1.791296e-005	2.737187e-005
0.000000e+000	-3.275862e-002	1.896552e-002	0.000000e+000	2.130476e-005	2.252773e-005	3.100631e-005
0.000000e+000	-3.275862e-002	2.241379e-002	0.000000e+000	2.185957e-005	2.751829e-005	3.514395e-005
0.000000e+000	-3.275862e-002	2.586207e-002	0.000000e+000	2.222470e-005	3.292819e-005	3.972660e-005
0.000000e+000	-3.275862e-002	2.931034e-002	0.000000e+000	2.221013e-005	3.875776e-005	4.467051e-005
0.000000e+000	-3.275862e-002	3.275862e-002	0.000000e+000	2.156961e-005	4.492644e-005	4.983606e-005
0.000000e+000	-3.275862e-002	3.620690e-002	0.000000e+000	2.001981e-005	5.122203e-005	5.499536e-005
0.000000e+000	-3.275862e-002	3.965517e-002	0.000000e+000	1.729992e-005	5.725234e-005	5.980901e-005
0.000000e+000	-3.275862e-002	4.310345e-002	0.000000e+000	1.328176e-005	6.243813e-005	6.383514e-005
0.000000e+000	-3.275862e-002	4.655172e-002	0.000000e+000	8.102240e-006	6.610227e-005	6.659697e-005
0.000000e+000	-3.275862e-002	5.000000e-002	0.000000e+000	2.232031e-006	6.767505e-005	6.771185e-005
0.000000e+000	-2.931034e-002	-5.000000e-002	0.000000e+000	2.044319e-006	-6.245225e-005	6.248570e-005
0.000000e+000	-2.931034e-002	-4.655172e-002	0.000000e+000	6.520539e-006	-6.115700e-005	6.150363e-005
0.000000e+000	-2.931034e-002	-4.310345e-002	0.000000e+000	1.057457e-005	-5.827067e-005	5.922240e-005
0.000000e+000	-2.931034e-002	-3.965517e-002	0.000000e+000	1.388619e-005	-5.413007e-005	5.588283e-005
0.000000e+000	-2.931034e-002	-3.620690e-002	0.000000e+000	1.631740e-005	-4.916664e-005	5.180363e-005
0.000000e+000	-2.931034e-002	-3.275862e-002	0.000000e+000	1.789639e-005	-4.379052e-005	4.730634e-005
0.000000e+000	-2.931034e-002	-2.931034e-002	0.000000e+000	1.875759e-005	-3.832060e-005	4.266516e-005
0.000000e+000	-2.931034e-002	-2.586207e-002	0.000000e+000	1.907811e-005	-3.296597e-005	3.808844e-005
0.000000e+000	-2.931034e-002	-2.241379e-002	0.000000e+000	1.903281e-005	-2.783980e-005	3.372391e-005
0.000000e+000	-2.931034e-002	-1.896552e-002	0.000000e+000	1.877129e-005	-2.298489e-005	2.967603e-005
0.000000e+000	-2.931034e-002	-1.551724e-002	0.000000e+000	1.841084e-005	-1.839824e-005	2.602795e-005
0.000000e+000	-2.931034e-002	-1.206897e-002	0.000000e+000	1.803791e-005	-1.404967e-005	2.286393e-005
0.000000e+000	-2.931034e-002	-8.620690e-003	0.000000e+000	1.771313e-005	-9.894226e-006	2.028918e-005
0.000000e+000	-2.931034e-002	-5.172414e-003	0.000000e+000	1.747669e-005	-5.879639e-006	1.843922e-005
0.000000e+000	-2.931034e-002	-1.724138e-003	0.000000e+000	1.735279e-005	-1.950367e-006	1.746205e-005
0.000000e+000	-2.931034e-002	1.724138e-003	0.000000e+000	1.735279e-005	1.950367e-006	1.746205e-005
0.000000e+000	-2.931034e-002	5.172414e-003	0.000000e+000	1.747669e-005	5.879639e-006	1.843922e-005
0.000000e+000	-2.931034e-002	8.620690e-003	0.000000e+000	1.771313e-005	9.894226e-006	2.028918e-005
0.000000e+000	-2.931034e-002	1.206897e-002	0.000000e+000	1.803791e-005	1.404967e-005	2.286393e-005
0.000000e+000	-2.931034e-002	1.551724e-002	0.000000e+000	1.841084e-005	1.839824e-005	2.602795e-005
0.000000e+000	-2.931034e-002	1.896552e-002	0.000000e+000	1.877129e-005	2.298489e-005	2.967603e-005
0.000000e+000	-2.931034e-002	2.241379e-002	0.000000e+000	1.903281e-005	2.783980e-005	3.372391e-005
0.000000e+000	-2.931034e-002	2.586207e-002	0.000000e+000	1.907811e-005	3.296597e-005	3.808844e-005
0.000000e+000	-2.931034e-002	2.931034e-002	0.000000e+000	1.875759e-005	3.832060e-005	4.266516e-005
0.000000e+000	-2.931034e-002	3.275862e-002	0.000000e+000	1.789639e-005	4.379052e-005	4.730634e-005
0.000000e+000	-2.931034e-002	3.620690e-002	0.000000e+000	1.631740e-005	4.916664e-005	5.180363e-005
0.000000e+000	-2.931034e-002	3.965517e-002	0.000000e+000	1.388619e-005	5.413007e-005	5.588283e-005
0.000000e+000	-2.931034e-002	4.310345e-002	0.000000e+000	1.057457e-005	5.827067e-005	5.922240e-005
0.000000e+000	-2.931034e-002	4.655172e-002	0.000000e+000	6.520539e-006	6.115700e-005	6.150363e-005
0.000000e+000	-2.931034e-002	5.000000e-002	0.000000e+000	2.044319e-006	6.245225e-005	6.248570e-005
0.000000e+000	-2.586207e-002	-5.000000e-002	0.000000e+000	1.841463e-006	-5.845128e-005	5.848028e-005
0.000000e+000	-2.586207e-002	-4.655172e-002	0.000000e+000	5.310529e-006	-5.732434e-005	5.756980e-005
0.000000e+000	-2.586207e-002	-4.310345e-002	0.000000e+000	8.509983e-006	-5.493204e-005	5.558731e-005
0.000000e+000	-2.586207e-002	-3.965517e-002	0.000000e+000	1.121826e-005	-5.148652e-005	5.269451e-005
0.000000e+000	-2.586207e-002	-3.620690e-002	0.000000e+000	1.331841e-005	-4.727493e-005	4.911516e-005
0.000000e+000	-2.586207e-002	-3.275862e-002	0.000000e+000	1.479831e-005	-4.259162e-005	4.508920e-005
0.000000e+000	-2.586207e-002	-2.931034e-002	0.000000e+000	1.572381e-005	-3.768869e-005	4.083719e-005
0.000000e+000	-2.586207e-002	-2.586207e-002	0.000000e+000	1.620318e-005	-3.275303e-005	3.654181e-005
0.000000e+000	-2.586207e-002	-2.241379e-002	0.000000e+000	1.635668e-005	-2.790507e-005	3.234554e-005
0.000000e+000	-2.586207e-002	-1.896552e-002	0.000000e+000	1.629686e-005	-2.320933e-005	2.835949e-005
0.000000e+000	-2.586207e-002	-1.551724e-002	0.000000e+000	1.611880e-005	-1.868856e-005	2.467951e-005
0.000000e+000	-2.586207e-002	-1.206897e-002	0.000000e+000	1.589724e-005	-1.433691e-005	2.140722e-005
0.000000e+000	-2.586207e-002	-8.620690e-003	0.000000e+000	1.568750e-005	-1.013013e-005	1.867397e-005
0.000000e+000	-2.586207e-002	-5.172414e-003	0.000000e+000	1.552792e-005	-6.032835e-006	1.665867e-005
0.000000e+000	-2.586207e-002	-1.724138e-003	0.000000e+000	1.544241e-005	-2.003309e-006	1.557181e-005
0.000000e+000	-2.586207e-002	1.724138e-003	0.000000e+000	1.544241e-005	2.003309e-006	1.557181e-005
0.000000e+000	-2.586207e-002	5.172414e-003	0.000000e+000	1.552792e-005	6.032835e-006	1.665867e-005
0.000000e+000	-2.586207e-002	8.620690e-003	0.000000e+000	1.568750e-005	1.013013e-005	1.867397e-005
0.000000e+000	-2.586207e-002	1.206897e-002	0.000000e+000	1.589724e-005	1.433691e-005	2.140722e-005
0.000000e+000	-2.586207e-002	1.551724e-002	0.000000e+000	1.611880e-005	1.868856e-005	2.467951e-005
0.000000e+000	-2.586207e-002	1.896552e-002	0.000000e+000	1.629686e-005	2.320933e-005	2.835949e-005
0.000000e+000	-2.586207e-002	2.241379e-002	0.000000e+000	1.635668e-005	2.790507e-005	3.234554e-005
0.000000e+000	-2.586207e-002	2.586207e-002	0.000000e+000	1.620318e-005	3.275303e-005	3.654181e-005
0.000000e+000	-2.586207e-002	2.931034e-002	0.000000e+000	1.572381e-005	3.768869e-005	4.083719e-005
0.000000e+000	-2.586207e-002	3.275862e-002	0.000000e+000	1.479831e-005	4.259162e-005	4.508920e-005
0.000000e+000	-2.586207e-002	3.620690e-002	0.000000e+000	1.331841e-005	4.727493e-005	4.911516e-005
0.000000e+000	-2.586207e-002	3.965517e-002	0.000000e+000	1.121826e-005	5.148652e-005	5.269451e-005
0.000000e+000	-2.586207e-002	4.310345e-002	0.000000e+000	8.509983e-006	5.493204e-005	5.558731e-005
0.000000e+000	-2.586207e-002	4.655172e-002	0.000000e+000	5.310529e-006	5.732434e-005	5.756980e-005
0.000000e+000	-2.586207e-002	5.000000e-002	0.000000e+000	1.841463e-006	5.845128e-005	5.848028e-005
0.000000e+000	-2.241379e-002	-5.000000e-002	0.000000e+000	1.624878e-006	-5.534702e-005	5.537087e-005
0.000000e+000	-2.241379e-002	-4.655172e-002	0.000000e+000	4.331386e-006	-5.432600e-005	5.449840e-005
0.000000e+000	-2.241379e-002	-4.310345e-002	0.000000e+000	6.860259e-006	-5.225886e-005	5.270722e-005
0.000000e+000	-2.241379e-002	-3.965517e-002	0.000000e+000	9.055844e-006	-4.928696e-005	5.011201e-005
0.000000e+000	-2.241379e-002	-3.620690e-002	0.000000e+000	1.082516e-005	-4.560993e-005	4.687697e-005
0.000000e+000	-2.241379e-002	-3.275862e-002	0.000000e+000	1.214241e-005	-4.144430e-005	4.318644e-005
0.000000e+000	-2.241379e-002	-2.931034e-002	0.000000e+000	1.303712e-005	-3.698912e-005	3.921940e-005
0.000000e+000	-2.241379e-002	-2.586207e-002	0.000000e+000	1.357443e-005	-3.240536e-005	3.513364e-005
0.000000e+000	-2.241379e-002	-2.241379e-002	0.000000e+000	1.383551e-005	-2.780892e-005	3.106055e-005
0.000000e+000	-2.241379e-002	-1.896552e-002	0.000000e+000	1.390253e-005	-2.327310e-005	2.710936e-005
0.000000e+000	-2.241379e-002	-1.551724e-002	0.000000e+000	1.384950e-005	-1.883578e-005	2.337938e-005
0.000000e+000	-2.241379e-002	-1.206897e-002	0.000000e+000	1.373775e-005	-1.450792e-005	1.998013e-005
0.000000e+000	-2.241379e-002	-8.620690e-003	0.000000e+000	1.361479e-005	-1.028127e-005	1.706068e-005
0.000000e+000	-2.241379e-002	-5.172414e-003	0.000000e+000	1.351471e-005	-6.134712e-006	1.484190e-005
0.000000e+000	-2.241379e-002	-1.724138e-003	0.000000e+000	1.345937e-005	-2.039092e-006	1.361295e-005
0.000000e+000	-2.241379e-002	1.724138e-003	0.000000e+000	1.345937e-005	2.039092e-006	1.361295e-005
0.000000e+000	-2.241379e-002	5.172414e-003	0.000000e+000	1.351471e-005	6.134712e-006	1.484190e-005
0.000000e+000	-2.241379e-002	8.620690e-003	0.000000e+000	1.361479e-005	1.028127e-005	1.706068e-005
0.000000e+000	-2.241379e-002	1.206897e-002	0.000000e+000	1.373775e-005	1.450792e-005	1.998013e-005
0.000000e+000	-2.241379e-002	1.551724e-002	0.000000e+000	1.384950e-005	1.883578e-005	2.337938e-005
0.000000e+000	-2.241379e-002	1.896552e-002	0.000000e+000	1.390253e-005	2.327310e-005	2.710936e-005
0.000000e+000	-2.241379e-002	2.241379e-002	0.000000e+000	1.383551e-005	2.780892e-005	3.106055e-005
0.000000e+000	-2.241379e-002	2.586207e-002	0.000000e+000	1.357443e-005	3.240536e-005	3.513364e-005
0.000000e+000	-2.241379e-002	2.931034e-002	0.000000e+000	1.303712e-005	3.698912e-005	3.921940e-005
0.000000e+000	-2.241379e-002	3.275862e-002	0.000000e+000	1.214241e-005	4.144430e-005	4.318644e-005
0.000000e+000	-2.241379e-002	3.620690e-002	0.000000e+000	1.082516e-005	4.560993e-005	4.687697e-005
0.000000e+000	-2.241379e-002	3.965517e-002	0.000000e+000	9.055844e-006	4.928696e-005	5.011201e-005
0.000000e+000	-2.241379e-002	4.310345e-002	0.000000e+000	6.860259e-006	5.225886e-005	5.270722e-005
0.000000e+000	-2.241379e-002	4.655172e-002	0.000000e+000	4.331386e-006	5.432600e-005	5.449840e-005
0.000000e+000	-2.241379e-002	5.000000e-002	0.000000e+000	1.624878e-006	5.534702e-005	5.537087e-005
0.000000e+000	-1.896552e-002	-5.000000e-002	0.000000e+000	1.396127e-006	-5.293193e-005	5.295034e-005
0.000000e+000	-1.896552e-002	-4.655172e-002	0.000000e+000	3.500659e-006	-5.197920e-005	5.209695e-005
0.000000e+000	-1.896552e-002	-4.310345e-002	0.000000e+000	5.485835e-006	-5.013139e-005	5.043065e-005
0.000000e+000	-1.896552e-002	-3.965517e-002	0.000000e+000	7.241321e-006	-4.748771e-005	4.803665e-005
0.000000e+000	-1.896552e-002	-3.620690e-002	0.000000e+000	8.695608e-006	-4.419317e-005	4.504053e-005
0.000000e+000	-1.896552e-002	-3.275862e-002	0.000000e+000	9.820897e-006	-4.041202e-005	4.158824e-005
0.000000e+000	-1.896552e-002	-2.931034e-002	0.000000e+000	1.062808e-005	-3.630362e-005	3.782736e-005
0.000000e+000	-1.896552e-002	-2.586207e-002	0.000000e+000	1.115581e-005	-3.200541e-005	3.389393e-005
0.000000e+000	-1.896552e-002	-2.241379e-002	0.000000e+000	1.145810e-005	-2.762443e-005	2.990647e-005
0.000000e+000	-1.896552e-002	-1.896552e-002	0.000000e+000	1.159365e-005	-2.323574e-005	2.596753e-005
0.000000e+000	-1.896552e-002	-1.551724e-002	0.000000e+000	1.161826e-005	-1.888537e-005	2.217299e-005
0.000000e+000	-1.896552e-002	-1.206897e-002	0.000000e+000	1.158029e-005	-1.459537e-005	1.863137e-005
0.000000e+000	-1.896552e-002	-8.620690e-003	0.000000e+000	1.151857e-005	-1.036932e-005	1.549839e-005
0.000000e+000	-1.896552e-002	-5.172414e-003	0.000000e+000	1.146182e-005	-6.197568e-006	1.303009e-005
0.000000e+000	-1.896552e-002	-1.724138e-003	0.000000e+000	1.142882e-005	-2.061692e-006	1.161329e-005
0.000000e+000	-1.896552e-002	1.724138e-003	0.000000e+000	1.142882e-005	2.061692e-006	1.161329e-005
0.000000e+000	-1.896552e-002	5.172414e-003	0.000000e+000	1.146182e-005	6.197568e-006	1.303009e-005
0.000000e+000	-1.896552e-002	8.620690e-003	0.000000e+000	1.151857e-005	1.036932e-005	1.549839e-005
0.000000e+000	-1.896552e-002	1.206897e-002	0.000000e+000	1.158029e-005	1.459537e-005	1.863137e-005
0.000000e+000	-1.896552e-002	1.551724e-002	0.000000e+000	1.161826e-005	1.888537e-005	2.217299e-005
0.000000e+000	-1.896552e-002	1.896552e-002	0.000000e+000	1.159365e-005	2.323574e-005	2.596753e-005
0.000000e+000	-1.896552e-002	2.241379e-002	0.000000e+000	1.145810e-005	2.762443e-005	2.990647e-005
0.000000e+000	-1.896552e-002	2.586207e-002	0.000000e+000	1.115581e-005	3.200541e-005	3.389393e-005
0.000000e+000	-1.896552e-002	2.931034e-002	0.000000e+000	1.062808e-005	3.630362e-005	3.782736e-005
0.000000e+000	-1.896552e-002	3.275862e-002	0.000000e+000	9.820897e-006	4.041202e-005	4.158824e-005
0.000000e+000	-1.896552e-002	3.620690e-002	0.000000e+000	8.695608e-006	4.419317e-005	4.504053e-005
0.000000e+000	-1.896552e-002	3.965517e-002	0.000000e+000	7.241321e-006	4.748771e-005	4.803665e-005
0.000000e+000	-1.896552e-002	4.310345e-002	0.000000e+000	5.485835e-006	5.013139e-005	5.043065e-005
0.000000e+000	-1.896552e-002	4.655172e-002	0.000000e+000	3.500659e-006	5.197920e-005	5.209695e-005
0.000000e+000	-1.896552e-002	5.000000e-002	0.000000e+000	1.396127e-006	5.293193e-005	5.295034e-005
0.000000e+000	-1.551724e-002	-5.000000e-002	0.000000e+000	1.156894e-006	-5.106888e-005	5.108198e-005
0.000000e+000	-1.551724e-002	-4.655172e-002	0.000000e+000	2.767501e-006	-5.016076e-005	5.023704e-005
0.000000e+000	-1.551724e-002	-4.310345e-002	0.000000e+000	4.297377e-006	-4.846278e-005	4.865294e-005
0.000000e+000	-1.551724e-002	-3.965517e-002	0.000000e+000	5.668451e-006	-4.604821e-005	4.639579e-005
0.000000e+000	-1.551724e-002	-3.620690e-002	0.000000e+000	6.827220e-006	-4.302721e-005	4.356549e-005
0.000000e+000	-1.551724e-002	-3.275862e-002	0.000000e+000	7.748850e-006	-3.952891e-005	4.028125e-005
0.000000e+000	-1.551724e-002	-2.931034e-002	0.000000e+000	8.435239e-006	-3.568386e-005	3.666730e-005
0.000000e+000	-1.551724e-002	-2.586207e-002	0.000000e+000	8.908935e-006	-3.161033e-005	3.284177e-005
0.000000e+000	-1.551724e-002	-2.241379e-002	0.000000e+000	9.205399e-006	-2.740591e-005	2.891061e-005
0.000000e+000	-1.551724e-002	-1.896552e-002	0.000000e+000	9.365661e-006	-2.314414e-005	2.496731e-005
0.000000e+000	-1.551724e-002	-1.551724e-002	0.000000e+000	9.430537e-006	-1.887495e-005	2.109974e-005
0.000000e+000	-1.551724e-002	-1.206897e-002	0.000000e+000	9.436731e-006	-1.462741e-005	1.740727e-005
0.000000e+000	-1.551724e-002	-8.620690e-003	0.000000e+000	9.414598e-006	-1.041356e-005	1.403841e-005
0.000000e+000	-1.551724e-002	-5.172414e-003	0.000000e+000	9.387116e-006	-6.232580e-006	1.126779e-005
0.000000e+000	-1.551724e-002	-1.724138e-003	0.000000e+000	9.369571e-006	-2.074765e-006	9.596537e-006
0.000000e+000	-1.551724e-002	1.724138e-003	0.000000e+000	9.369571e-006	2.074765e-006	9.596537e-006
0.000000e+000	-1.551724e-002	5.172414e-003	0.000000e+000	9.387116e-006	6.232580e-006	1.126779e-005
0.000000e+000	-1.551724e-002	8.620690e-003	0.000000e+000	9.414598e-006	1.041356e-005	1.403841e-005
0.000000e+000	-1.551724e-002	1.206897e-002	0.000000e+000	9.436731e-006	1.462741e-005	1.740727e-005
0.000000e+000	-1.551724e-002	1.551724e-002	0.000000e+000	9.430537e-006	1.887495e-005	2.109974e-005
0.000000e+000	-1.551724e-002	1.896552e-002	0.000000e+000	9.365661e-006	2.314414e-005	2.496731e-005
0.000000e+000	-1.551724e-002	2.241379e-002	0.000000e+000	9.205399e-006	2.740591e-005	2.891061e-005
0.000000e+000	-1.551724e-002	2.586207e-002	0.000000e+000	8.908935e-006	3.161033e-005	3.284177e-005
0.000000e+000	-1.551724e-002	2.931034e-002	0.000000e+000	8.435239e-006	3.568386e-005	3.666730e-005
0.000000e+000	-1.551724e-002	3.275862e-002	0.000000e+000	7.748850e-006	3.952891e-005	4.028125e-005
0.000000e+000	-1.551724e-002	3.620690e-002	0.000000e+000	6.827220e-006	4.302721e-005	4.356549e-005
0.000000e+000	-1.551724e-002	3.965517e-002	0.000000e+000	5.668451e-006	4.604821e-005	4.639579e-005
0.000000e+000	-1.551724e-002	4.310345e-002	0.000000e+000	4.297377e-006	4.846278e-005	4.865294e-005
0.000000e+000	-1.551724e-002	4.655172e-002	0.000000e+000	2.767501e-006	5.016076e-005	5.023704e-005
0.000000e+000	-1.551724e-002	5.000000e-002	0.000000e+000	1.156894e-006	5.106888e-005	5.108198e-005
0.000000e+000	-1.206897e-002	-5.000000e-002	0.000000e+000	9.089624e-007	-4.966547e-005	4.967379e-005
0.000000e+000	-1.206897e-002	-4.655172e-002	0.000000e+000	2.099081e-006	-4.878645e-005	4.883159e-005
0.000000e+000	-1.206897e-002	-4.310345e-002	0.000000e+000	3.235257e-006	-4.719058e-005	4.730135e-005
0.000000e+000	-1.206897e-002	-3.965517e-002	0.000000e+000	4.263338e-006	-4.493481e-005	4.513661e-005
0.000000e+000	-1.206897e-002	-3.620690e-002	0.000000e+000	5.144758e-006	-4.210693e-005	4.242006e-005
0.000000e+000	-1.206897e-002	-3.275862e-002	0.000000e+000	5.859611e-006	-3.881257e-005	3.925240e-005
0.000000e+000	-1.206897e-002	-2.931034e-002	0.000000e+000	6.406055e-006	-3.516202e-005	3.574080e-005
0.000000e+000	-1.206897e-002	-2.586207e-002	0.000000e+000	6.796934e-006	-3.125892e-005	3.198934e-005
0.000000e+000	-1.206897e-002	-2.241379e-002	0.000000e+000	7.055015e-006	-2.719257e-005	2.809287e-005
0.000000e+000	-1.206897e-002	-1.896552e-002	0.000000e+000	7.208116e-006	-2.303385e-005	2.413535e-005
0.000000e+000	-1.206897e-002	-1.551724e-002	0.000000e+000	7.284965e-006	-1.883421e-005	2.019401e-005
0.000000e+000	-1.206897e-002	-1.206897e-002	0.000000e+000	7.312160e-006	-1.462701e-005	1.635289e-005
0.000000e+000	-1.206897e-002	-8.620690e-003	0.000000e+000	7.312219e-006	-1.043013e-005	1.273798e-005
0.000000e+000	-1.206897e-002	-5.172414e-003	0.000000e+000	7.302500e-006	-6.249267e-006	9.611443e-006
0.000000e+000	-1.206897e-002	-1.724138e-003	0.000000e+000	7.294705e-006	-2.081450e-006	7.585852e-006
0.000000e+000	-1.206897e-002	1.724138e-003	0.000000e+000	7.294705e-006	2.081450e-006	7.585852e-006
0.000000e+000	-1.206897e-002	5.172414e-003	0.000000e+000	7.302500e-006	6.249267e-006	9.611443e-006
0.000000e+000	-1.206897e-002	8.620690e-003	0.000000e+000	7.312219e-006	1.043013e-005	1.273798e-005
0.000000e+000	-1.206897e-002	1.206897e-002	0.000000e+000	7.312160e-006	1.462701e-005	1.635289e-005
0.000000e+000	-1.206897e-002	1.551724e-002	0.000000e+000	7.284965e-006	1.883421e-005	2.019401e-005
0.000000e+000	-1.206897e-002	1.896552e-002	0.000000e+000	7.208116e-006	2.303385e-005	2.413535e-005
0.000000e+000	-1.206897e-002	2.241379e-002	0.000000e+000	7.055015e-006	2.719257e-005	2.809287e-005
0.000000e+000	-1.206897e-002	2.586207e-002	0.000000e+000	6.796934e-006	3.125892e-005	3.198934e-005
0.000000e+000	-1.206897e-002	2.931034e-002	0.000000e+000	6.406055e-006	3.516202e-005	3.574080e-005
0.000000e+000	-1.206897e-002	3.275862e-002	0.000000e+000	5.859611e-006	3.881257e-005	3.925240e-005
0.000000e+000	-1.206897e-002	3.620690e-002	0.000000e+000	5.144758e-006	4.210693e-005	4.242006e-005
0.000000e+000	-1.206897e-002	3.965517e-002	0.000000e+000	4.263338e-006	4.493481e-005	4.513661e-005
0.000000e+000	-1.206897e-002	4.310345e-002	0.000000e+000	3.235257e-006	4.719058e-005	4.730135e-005
0.000000e+000	-1.206897e-002	4.655172e-002	0.000000e+000	2.099081e-006	4.878645e-005	4.883159e-005
0.000000e+000	-1.206897e-002	5.000000e-002	0.000000e+000	9.089624e-007	4.966547e-005	4.967379e-005
0.000000e+000	-8.620690e-003	-5.000000e-002	0.000000e+000	6.541906e-007	-4.865929e-005	4.866369e-005
0.000000e+000	-8.620690e-003	-4.655172e-002	0.000000e+000	1.473223e-006	-4.779881e-005	4.782151e-005
0.000000e+000	-8.620690e-003	-4.310345e-002	0.000000e+000	2.257877e-006	-4.627058e-005	4.632564e-005
0.000000e+000	-8.620690e-003	-3.965517e-002	0.000000e+000	2.972624e-006	-4.412145e-005	4.422147e-005
0.000000e+000	-8.620690e-003	-3.620690e-002	0.000000e+000	3.591494e-006	-4.142499e-005	4.158039e-005
0.000000e+000	-8.620690e-003	-3.275862e-002	0.000000e+000	4.100175e-006	-3.827159e-005	3.849060e-005
0.000000e+000	-8.620690e-003	-2.931034e-002	0.000000e+000	4.495928e-006	-3.475782e-005	3.504739e-005
0.000000e+000	-8.620690e-003	-2.586207e-002	0.000000e+000	4.785764e-006	-3.097696e-005	3.134446e-005
0.000000e+000	-8.620690e-003	-2.241379e-002	0.000000e+000	4.983616e-006	-2.701187e-005	2.746776e-005
0.000000e+000	-8.620690e-003	-1.896552e-002	0.000000e+000	5.107282e-006	-2.293077e-005	2.349265e-005
0.000000e+000	-8.620690e-003	-1.551724e-002	0.000000e+000	5.175680e-006	-1.878550e-005	1.948545e-005
0.000000e+000	-8.620690e-003	-1.206897e-002	0.000000e+000	5.206718e-006	-1.461192e-005	1.551187e-005
0.000000e+000	-8.620690e-003	-8.620690e-003	0.000000e+000	5.215820e-006	-1.043175e-005	1.166303e-005
0.000000e+000	-8.620690e-003	-5.172414e-003	0.000000e+000	5.215039e-006	-6.255236e-006	8.143992e-006
0.000000e+000	-8.620690e-003	-1.724138e-003	0.000000e+000	5.212578e-006	-2.084274e-006	5.613837e-006
0.000000e+000	-8.620690e-003	1.724138e-003	0.000000e+000	5.212578e-006	2.084274e-006	5.613837e-006
0.000000e+000	-8.620690e-003	5.172414e-003	0.000000e+000	5.215039e-006	6.255236e-006	8.143992e-006
0.000000e+000	-8.620690e-003	8.620690e-003	0.000000e+000	5.215820e-006	1.043175e-005	1.166303e-005
0.000000e+000	-8.620690e-003	1.206897e-002	0.000000e+000	5.206718e-006	1.461192e-005	1.551187e-005
0.000000e+000	-8.620690e-003	1.551724e-002	0.000000e+000	5.175680e-006	1.878550e-005	1.948545e-005
0.000000e+000	-8.620690e-003	1.896552e-002	0.000000e+000	5.107282e-006	2.293077e-005	2.349265e-005
0.000000e+000	-8.620690e-003	2.241379e-002	0.000000e+000	4.983616e-006	2.701187e-005	2.746776e-005
0.000000e+000	-8.620690e-003	2.586207e-002	0.000000e+000	4.785764e-006	3.097696e-005	3.134446e-005
0.000000e+000	-8.620690e-003	2.931034e-002	0.000000e+000	4.495928e-006	3.475782e-005	3.504739e-005
0.000000e+000	-8.620690e-003	3.275862e-002	0.000000e+000	4.100175e-006	3.827159e-005	3.849060e-005
0.000000e+000	-8.620690e-003	3.620690e-002	0.000000e+000	3.591494e-006	4.142499e-005	4.158039e-005
0.000000e+000	-8.620690e-003	3.965517e-002	0.000000e+000	2.972624e-006	4.412145e-005	4.422147e-005
0.000000e+000	-8.620690e-003	4.310345e-002	0.000000e+000	2.257877e-006	4.627058e-005	4.632564e-005
0.000000e+000	-8.620690e-003	4.655172e-002	0.000000e+000	1.473223e-006	4.779881e-005	4.782151e-005
0.000000e+000	-8.620690e-003	5.000000e-002	0.000000e+000	6.541906e-007	4.865929e-005	4.866369e-005
0.000000e+000	-5.172414e-003	-5.000000e-002	0.000000e+000	3.944946e-007	-4.800917e-005	4.801079e-005
0.000000e+000	-5.172414e-003	-4.655172e-002	0.000000e+000	8.741402e-007	-4.715965e-005	4.716776e-005
0.000000e+000	-5.172414e-003	-4.310345e-002	0.000000e+000	1.334674e-006	-4.567272e-005	4.569222e-005
0.000000e+000	-5.172414e-003	-3.965517e-002	0.000000e+000	1.755941e-006	-4.358929e-005	4.362465e-005
0.000000e+000	-5.172414e-003	-3.620690e-002	0.000000e+000	2.122974e-006	-4.097458e-005	4.102954e-005
0.000000e+000	-5.172414e-003	-3.275862e-002	0.000000e+000	2.427196e-006	-3.790979e-005	3.798741e-005
0.000000e+000	-5.172414e-003	-2.931034e-002	0.000000e+000	2.666485e-006	-3.448303e-005	3.458598e-005
0.000000e+000	-5.172414e-003	-2.586207e-002	0.000000e+000	2.844270e-006	-3.078097e-005	3.091210e-005
0.000000e+000	-5.172414e-003	-2.241379e-002	0.000000e+000	2.968048e-006	-2.688216e-005	2.704552e-005
0.000000e+000	-5.172414e-003	-1.896552e-002	0.000000e+000	3.047707e-006	-2.285281e-005	2.305514e-005
0.000000e+000	-5.172414e-003	-1.551724e-002	0.000000e+000	3.093964e-006	-1.874468e-005	1.899830e-005
0.000000e+000	-5.172414e-003	-1.206897e-002	0.000000e+000	3.117117e-006	-1.459499e-005	1.492414e-005
0.000000e+000	-5.172414e-003	-8.620690e-003	0.000000e+000	3.126140e-006	-1.042777e-005	1.088628e-005
0.000000e+000	-5.172414e-003	-5.172414e-003	0.000000e+000	3.128106e-006	-6.256129e-006	6.994584e-006
0.000000e+000	-5.172414e-003	-1.724138e-003	0.000000e+000	3.127862e-006	-2.085123e-006	3.759156e-006
0.000000e+000	-5.172414e-003	1.724138e-003	0.000000e+000	3.127862e-006	2.085123e-006	3.759156e-006
0.000000e+000	-5.172414e-003	5.172414e-003	0.000000e+000	3.128106e-006	6.256129e-006	6.994584e-006
0.000000e+000	-5.172414e-003	8.620690e-003	0.000000e+000	3.126140e-006	1.042777e-005	1.088628e-005
0.000000e+000	-5.172414e-003	1.206897e-002	0.000000e+000	3.117117e-006	1.459499e-005	1.492414e-005
0.000000e+000	-5.172414e-003	1.551724e-002	0.000000e+000	3.093964e-006	1.874468e-005	1.899830e-005
0.000000e+000	-5.172414e-003	1.896552e-002	0.000000e+000	3.047707e-006	2.285281e-005	2.305514e-005
0.000000e+000	-5.172414e-003	2.241379e-002	0.000000e+000	2.968048e-006	2.688216e-005	2.704552e-005
0.000000e+000	-5.172414e-003	2.586207e-002	0.000000e+000	2.844270e-006	3.078097e-005	3.091210e-005
0.000000e+000	-5.172414e-003	2.931034e-002	0.000000e+000	2.666485e-006	3.448303e-005	3.458598e-005
0.000000e+000	-5.172414e-003	3.275862e-002	0.000000e+000	2.427196e-006	3.790979e-005	3.798741e-005
0.000000e+000	-5.172414e-003	3.620690e-002	0.000000e+000	2.122974e-006	4.097458e-005	4.102954e-005
0.000000e+000	-5.172414e-003	3.965517e-002	0.000000e+000	1.755941e-006	4.358929e-005	4.362465e-005
0.000000e+000	-5.172414e-003	4.310345e-002	0.000000e+000	1.334674e-006	4.567272e-005	4.569222e-005
0.000000e+000	-5.172414e-003	4.655172e-002	0.000000e+000	8.741402e-007	4.715965e-005	4.716776e-005
0.000000e+000	-5.172414e-003	5.000000e-002	0.000000e+000	3.944946e-007	4.800917e-005	4.801079e-005
0.000000e+000	-1.724138e-003	-5.000000e-002	0.000000e+000	1.318290e-007	-4.769004e-005	4.769023e-005
0.000000e+000	-1.724138e-003	-4.655172e-002	0.000000e+000	2.898097e-007	-4.684562e-005	4.684652e-005
0.000000e+000	-1.724138e-003	-4.310345e-002	0.000000e+000	4.416587e-007	-4.537827e-005	4.538042e-005
0.000000e+000	-1.724138e-003	-3.965517e-002	0.000000e+000	5.808432e-007	-4.332619e-005	4.333008e-005
0.000000e+000	-1.724138e-003	-3.620690e-002	0.000000e+000	7.024734e-007	-4.075068e-005	4.075674e-005
0.000000e+000	-1.724138e-003	-3.275862e-002	0.000000e+000	8.036972e-007	-3.772865e-005	3.773721e-005
0.000000e+000	-1.724138e-003	-2.931034e-002	0.000000e+000	8.837347e-007	-3.434418e-005	3.435555e-005
0.000000e+000	-1.724138e-003	-2.586207e-002	0.000000e+000	9.436083e-007	-3.068071e-005	3.069522e-005
0.000000e+000	-1.724138e-003	-2.241379e-002	0.000000e+000	9.856796e-007	-2.681466e-005	2.683277e-005
0.000000e+000	-1.724138e-003	-1.896552e-002	0.000000e+000	1.013116e-006	-2.281115e-005	2.283363e-005
0.000000e+000	-1.724138e-003	-1.551724e-002	0.000000e+000	1.029386e-006	-1.872182e-005	1.875010e-005
0.000000e+000	-1.724138e-003	-1.206897e-002	0.000000e+000	1.037847e-006	-1.458449e-005	1.462137e-005
0.000000e+000	-1.724138e-003	-8.620690e-003	0.000000e+000	1.041441e-006	-1.042427e-005	1.047617e-005
0.000000e+000	-1.724138e-003	-5.172414e-003	0.000000e+000	1.042499e-006	-6.255658e-006	6.341929e-006
0.000000e+000	-1.724138e-003	-1.724138e-003	0.000000e+000	1.042622e-006	-2.085239e-006	2.331369e-006
0.000000e+000	-1.724138e-003	1.724138e-003	0.000000e+000	1.042622e-006	2.085239e-006	2.331369e-006
0.000000e+000	-1.724138e-003	5.172414e-003	0.000000e+000	1.042499e-006	6.255658e-006	6.341929e-006
0.000000e+000	-1.724138e-003	8.620690e-003	0.000000e+000	1.041441e-006	1.042427e-005	1.047617e-005
0.000000e+000	-1.724138e-003	1.206897e-002	0.000000e+000	1.037847e-006	1.458449e-005	1.462137e-005
0.000000e+000	-1.724138e-003	1.551724e-002	0.000000e+000	1.029386e-006	1.872182e-005	1.875010e-005
0.000000e+000	-1.724138e-003	1.896552e-002	0.000000e+000	1.013116e-006	2.281115e-005	2.283363e-005
0.000000e+000	-1.724138e-003	2.241379e-002	0.000000e+000	9.856796e-007	2.681466e-005	2.683277e-005
0.000000e+000	-1.724138e-003	2.586207e-002	0.000000e+000	9.436083e-007	3.068071e-005	3.069522e-005
0.000000e+000	-1.724138e-003	2.931034e-002	0.000000e+000	8.837347e-007	3.434418e-005	3.435555e-005
0.000000e+000	-1.724138e-003	3.275862e-002	0.000000e+000	8.036972e-007	3.772865e-005	3.773721e-005
0.000000e+000	-1.724138e-003	3.620690e-002	0.000000e+000	7.024734e-007	4.075068e-005	4.075674e-005
0.000000e+000	-1.724138e-003	3.965517e-002	0.000000e+000	5.808432e-007	4.332619e-005	4.333008e-005
0.000000e+000	-1.724138e-003	4.310345e-002	0.000000e+000	4.416587e-007	4.537827e-005	4.538042e-005
0.000000e+000	-1.724138e-003	4.655172e-002	0.000000e+000	2.898097e-007	4.684562e-005	4.684652e-005
0.000000e+000	-1.724138e-003	5.000000e-002	0.000000e+000	1.318290e-007	4.769004e-005	4.769023e-005
0.000000e+000	1.724138e-003	-5.000000e-002	0.000000e+000	-1.318290e-007	-4.769004e-005	4.769023e-005
0.000000e+000	1.724138e-003	-4.655172e-002	0.000000e+000	-2.898097e-007	-4.684562e-005	4.684652e-005
0.000000e+000	1.724138e-003	-4.310345e-002	0.000000e+000	-4.416587e-007	-4.537827e-005	4.538042e-005
0.000000e+000	1.724138e-003	-3.965517e-002	0.000000e+000	-5.808432e-007	-4.332619e-005	4.333008e-005
0.000000e+000	1.724138e-003	-3.620690e-002	0.000000e+000	-7.024734e-007	-4.075068e-005	4.075674e-005
0.000000e+000	1.724138e-003	-3.275862e-002	0.000000e+000	-8.036972e-007	-3.772865e-005	3.773721e-005
0.000000e+000	1.724138e-003	-2.931034e-002	0.000000e+000	-8.837347e-007	-3.434418e-005	3.435555e-005
0.000000e+000	1.724138e-003	-2.586207e-002	0.000000e+000	-9.436083e-007	-3.068071e-005	3.069522e-005
0.000000e+000	1.724138e-003	-2.241379e-002	0.000000e+000	-9.856796e-007	-2.681466e-005	2.683277e-005
0.000000e+000	1.724138e-003	-1.896552e-002	0.000000e+000	-1.013116e-006	-2.281115e-005	2.283363e-005
0.000000e+000	1.724138e-003	-1.551724e-002	0.000000e+000	-1.029386e-006	-1.872182e-005	1.875010e-005
0.000000e+000	1.724138e-003	-1.206897e-002	0.000000e+000	-1.037847e-006	-1.458449e-005	1.462137e-005
0.000000e+000	1.724138e-003	-8.620690e-003	0.000000e+000	-1.041441e-006	-1.042427e-005	1.047617e-005
0.000000e+000	1.724138e-003	-5.172414e-003	0.000000e+000	-1.042499e-006	-6.255658e-006	6.341929e-006
0.000000e+000	1.724138e-003	-1.724138e-003	0.000000e+000	-1.042622e-006	-2.085239e-006	2.331369e-006
0.000000e+000	1.724138e-003	1.724138e-003	0.000000e+000	-1.042622e-006	2.085239e-006	2.331369e-006
0.000000e+000	1.724138e-003	5.172414e-003	0.000000e+000	-1.042499e-006	6.255658e-006	6.341929e-006
0.000000e+000	1.724138e-003	8.620690e-003	0.000000e+000	-1.041441e-006	1.042427e-005	1.047617e-005
0.000000e+000	1.724138e-003	1.206897e-002	0.000000e+000	-1.037847e-006	1.458449e-005	1.462137e-005
0.000000e+000	1.724138e-003	1.551724e-002	0.000000e+000	-1.029386e-006	1.872182e-005	1.875010e-005
0.000000e+000	1.724138e-003	1.896552e-002	0.000000e+000	-1.013116e-006	2.281115e-005	2.283363e-005
0.000000e+000	1.724138e-003	2.241379e-002	0.000000e+000	-9.856796e-007	2.681466e-005	2.683277e-005
0.000000e+000	1.724138e-003	2.586207e-002	0.000000e+000	-9.436083e-007	3.068071e-005	3.069522e-005
0.000000e+000	1.724138e-003	2.931034e-002	0.000000e+000	-8.837347e-007	3.434418e-005	3.435555e-005
0.000000e+000	1.724138e-003	3.275862e-002	0.000000e+000	-8.036972e-007	3.772865e-005	3.773721e-005
0.000000e+000	1.724138e-003	3.620690e-002	0.000000e+000	-7.024734e-007	4.075068e-005	4.075674e-005
0.000000e+000	1.724138e-003	3.965517e-002	0.000000e+000	-5.808432e-007	4.332619e-005	4.333008e-005
0.000000e+000	1.724138e-003	4.310345e-002	0.000000e+000	-4.416587e-007	4.537827e-005	4.538042e-005
0.000000e+000	1.724138e-003	4.655172e-002	0.000000e+000	-2.898097e-007	4.684562e-005	4.684652e-005
0.000000e+000	1.724138e-003	5.000000e-002	0.000000e+000	-1.318290e-007	4.769004e-005	4.769023e-005
0.000000e+000	5.172414e-003	-5.000000e-002	0.000000e+000	-3.944946e-007	-4.800917e-005	4.801079e-005
0.000000e+000	5.172414e-003	-4.655172e-002	0.000000e+000	-8.741402e-007	-4.715965e-005	4.716776e-005
0.000000e+000	5.172414e-003	-4.310345e-002	0.000000e+000	-1.334674e-006	-4.567272e-005	4.569222e-005
0.000000e+000	5.172414e-003	-3.965517e-002	0.000000e+000	-1.755941e-006	-4.358929e-005	4.362465e-005
0.000000e+000	5.172414e-003	-3.620690e-002	0.000000e+000	-2.122974e-006	-4.097458e-005	4.102954e-005
0.000000e+000	5.172414e-003	-3.275862e-002	0.000000e+000	-2.427196e-006	-3.790979e-005	3.798741e-005
0.000000e+000	5.172414e-003	-2.931034e-002	0.000000e+000	-2.666485e-006	-3.448303e-005	3.458598e-005
0.000000e+000	5.172414e-003	-2.586207e-002	0.000000e+000	-2.844270e-006	-3.078097e-005	3.091210e-005
0.000000e+000	5.172414e-003	-2.241379e-002	0.000000e+000	-2.968048e-006	-2.688216e-005	2.704552e-005
0.000000e+000	5.172414e-003	-1.896552e-002	0.000000e+000	-3.047707e-006	-2.285281e-005	2.305514e-005
0.000000e+000	5.172414e-003	-1.551724e-002	0.000000e+000	-3.093964e-006	-1.874468e-005	1.899830e-005
0.000000e+000	5.172414e-003	-1.206897e-002	0.000000e+000	-3.117117e-006	-1.459499e-005	1.492414e-005
0.000000e+000	5.172414e-003	-8.620690e-003	0.000000e+000	-3.126140e-006	-1.042777e-005	1.088628e-005
0.000000e+000	5.172414e-003	-5.172414e-003	0.000000e+000	-3.128106e-006	-6.256129e-006	6.994584e-006
0.000000e+000	5.172414e-003	-1.724138e-003	0.000000e+000	-3.127862e-006	-2.085123e-006	3.759156e-006
0.000000e+000	5.172414e-003	1.724138e-003	0.000000e+000	-3.127862e-006	2.085123e-006	3.759156e-006
0.000000e+000	5.172414e-003	5.172414e-003	0.000000e+000	-3.128106e-006	6.256129e-006	6.994584e-006
0.000000e+000	5.172414e-003	8.620690e-003	0.000000e+000	-3.126140e-006	1.042777e-005	1.088628e-005
0.000000e+000	5.172414e-003	1.206897e-002	0.000000e+000	-3.117117e-006	1.459499e-005	1.492414e-005
0.000000e+000	5.172414e-003	1.551724e-002	0.000000e+000	-3.093964e-006	1.874468e-005	1.899830e-005
0.000000e+000	5.172414e-003	1.896552e-002	0.000000e+000	-3.047707e-006	2.285281e-005	2.305514e-005
0.000000e+000	5.172414e-003	2.241379e-002	0.000000e+000	-2.968048e-006	2.688216e-005	2.704552e-005
0.000000e+000	5.172414e-003	2.586207e-002	0.000000e+000	-2.844270e-006	3.078097e-005	3.091210e-005
0.000000e+000	5.172414e-003	2.931034e-002	0.000000e+000	-2.666485e-006	3.448303e-005	3.458598e-005
0.000000e+000	5.172414e-003	3.275862e-002	0.000000e+000	-2.427196e-006	3.790979e-005	3.798741e-005
0.000000e+000	5.172414e-003	3.620690e-002	0.000000e+000	-2.122974e-006	4.097458e-005	4.102954e-005
0.000000e+000	5.172414e-003	3.965517e-002	0.000000e+000	-1.755941e-006	4.358929e-005	4.362465e-005
0.000000e+000	5.172414e-003	4.310345e-002	0.000000e+000	-1.334674e-006	4.567272e-005	4.569222e-005
0.000000e+000	5.172414e-003	4.655172e-002	0.000000e+000	-8.741402e-007	4.715965e-005	4.716776e-005
0.000000e+000	5.172414e-003	5.000000e-002	0.000000e+000	-3.944946e-007	4.800917e-005	4.801079e-005
0.000000e+000	8.620690e-003	-5.000000e-002	0.000000e+000	-6.541906e-007	-4.865929e-005	4.866369e-005
0.000000e+000	8.620690e-003	-4.655172e-002	0.000000e+000	-1.473223e-006	-4.779881e-005	4.782151e-005
0.000000e+000	8.620690e-003	-4.310345e-002	0.000000e+000	-2.257877e-006	-4.627058e-005	4.632564e-005
0.000000e+000	8.620690e-003	-3.965517e-002	0.000000e+000	-2.972624e-006	-4.412145e-005	4.422147e-005
0.000000e+000	8.620690e-003	-3.620690e-002	0.000000e+000	-3.591494e-006	-4.142499e-005	4.158039e-005
0.000000e+000	8.620690e-003	-3.275862e-002	0.000000e+000	-4.100175e-006	-3.827159e-005	3.849060e-005
0.000000e+000	8.620690e-003	-2.931034e-002	0.000000e+000	-4.495928e-006	-3.475782e-005	3.504739e-005
0.000000e+000	8.620690e-003	-2.586207e-002	0.000000e+000	-4.785764e-006	-3.097696e-005	3.134446e-005
0.000000e+000	8.620690e-003	-2.241379e-002	0.000000e+000	-4.983616e-006	-2.701187e-005	2.746776e-005
0.000000e+000	8.620690e-003	-1.896552e-002	0.000000e+000	-5.107282e-006	-2.293077e-005	2.349265e-005
0.000000e+000	8.620690e-003	-1.551724e-002	0.000000e+000	-5.175680e-006	-1.878550e-005	1.948545e-005
0.000000e+000	8.620690e-003	-1.206897e-002	0.000000e+000	-5.206718e-006	-1.461192e-005	1.551187e-005
0.000000e+000	8.620690e-003	-8.620690e-003	0.000000e+000	-5.215820e-006	-1.043175e-005	1.166303e-005
0.000000e+000	8.620690e-003	-5.172414e-003	0.000000e+000	-5.215039e-006	-6.255236e-006	8.143992e-006
0.000000e+000	8.620690e-003	-1.724138e-003	0.000000e+000	-5.212578e-006	-2.084274e-006	5.613837e-006
0.000000e+000	8.620690e-003	1.724138e-003	0.000000e+000	-5.212578e-006	2.084274e-006	5.613837e-006
0.000000e+000	8.620690e-003	5.172414e-003	0.000000e+000	-5.215039e-006	6.255236e-006	8.143992e-006
0.000000e+000	8.620690e-003	8.620690e-003	0.000000e+000	-5.215820e-006	1.043175e-005	1.166303e-005
0.000000e+000	8.620690e-003	1.206897e-002	0.000000e+000	-5.206718e-006	1.461192e-005	1.551187e-005
0.000000e+000	8.620690e-003	1.551724e-002	0.000000e+000	-5.175680e-006	1.878550e-005	1.948545e-005
0.000000e+000	8.620690e-003	1.896552e-002	0.000000e+000	-5.107282e-006	2.293077e-005	2.349265e-005
0.000000e+000	8.620690e-003	2.241379e-002	0.000000e+000	-4.983616e-006	2.701187e-005	2.746776e-005
0.000000e+000	8.620690e-003	2.586207e-002	0.000000e+000	-4.785764e-006	3.097696e-005	3.134446e-005
0.000000e+000	8.620690e-003	2.931034e-002	0.000000e+000	-4.495928e-006	3.475782e-005	3.504739e-005
0.000000e+000	8.620690e-003	3.275862e-002	0.000000e+000	-4.100175e-006	3.827159e-005	3.849060e-005
0.000000e+000	8.620690e-003	3.620690e-002	0.000000e+000	-3.591494e-006	4.142499e-005	4.158039e-005
0.000000e+000	8.620690e-003	3.965517e-002	0.000000e+000	-2.972624e-006	4.412145e-005	4.422147e-005
0.000000e+000	8.620690e-003	4.310345e-002	0.000000e+000	-2.257877e-006	4.627058e-005	4.632564e-005
0.000000e+000	8.620690e-003	4.655172e-002	0.000000e+000	-1.473223e-006	4.779881e-005	4.782151e-005
0.000000e+000	8.620690e-003	5.000000e-002	0.000000e+000	-6.541906e-007	4.865929e-005	4.866369e-005
0.000000e+000	1.206897e-002	-5.000000e-002	0.000000e+000	-9.089624e-007	-4.966547e-005	4.967379e-005
0.000000e+000	1.206897e-002	-4.655172e-002	0.000000e+000	-2.099081e-006	-4.878645e-005	4.883159e-005
0.000000e+000	1.206897e-002	-4.310345e-002	0.000000e+000	-3.235257e-006	-4.719058e-005	4.730135e-005
0.000000e+000	1.206897e-002	-3.965517e-002	0.000000e+000	-4.263338e-006	-4.493481e-005	4.513661e-005
0.000000e+000	1.206897e-002	-3.620690e-002	0.000000e+000	-5.144758e-006	-4.210693e-005	4.242006e-005
0.000000e+000	1.206897e-002	-3.275862e-002	0.000000e+000	-5.859611e-006	-3.881257e-005	3.925240e-005
0.000000e+000	1.206897e-002	-2.931034e-002	0.000000e+000	-6.406055e-006	-3.516202e-005	3.574080e-005
0.000000e+000	1.206897e-002	-2.586207e-002	0.000000e+000	-6.796934e-006	-3.125892e-005	3.198934e-005
0.000000e+000	1.206897e-002	-2.241379e-002	0.000000e+000	-7.055015e-006	-2.719257e-005	2.809287e-005
0.000000e+000	1.206897e-002	-1.896552e-002	0.000000e+000	-7.208116e-006	-2.303385e-005	2.413535e-005
0.000000e+000	1.206897e-002	-1.551724e-002	0.000000e+000	-7.284965e-006	-1.883421e-005	2.019401e-005
0.000000e+000	1.206897e-002	-1.206897e-002	0.000000e+000	-7.312160e-006	-1.462701e-005	1.635289e-005
0.000000e+000	1.206897e-002	-8.620690e-003	0.000000e+000	-7.312219e-006	-1.043013e-005	1.273798e-005
0.000000e+000	1.206897e-002	-5.172414e-003	0.000000e+000	-7.302500e-006	-6.249267e-006	9.611443e-006
0.000000e+000	1.206897e-002	-1.724138e-003	0.000000e+000	-7.294705e-006	-2.081450e-006	7.585852e-006
0.000000e+000	1.206897e-002	1.724138e-003	0.000000e+000	-7.294705e-006	2.081450e-006	7.585852e-006
0.000000e+000	1.206897e-002	5.172414e-003	0.000000e+000	-7.302500e-006	6.249267e-006	9.611443e-006
0.000000e+000	1.206897e-002	8.620690e-003	0.000000e+000	-7.312219e-006	1.043013e-005	1.273798e-005
0.000000e+000	1.206897e-002	1.206897e-002	0.000000e+000	-7.312160e-006	1.462701e-005	1.635289e-005
0.000000e+000	1.206897e-002	1.551724e-002	0.000000e+000	-7.284965e-006	1.883421e-005	2.019401e-005
0.000000e+000	1.206897e-002	1.896552e-002	0.000000e+000	-7.208116e-006	2.303385e-005	2.413535e-005
0.000000e+000	1.206897e-002	2.241379e-002	0.000000e+000	-7.055015e-006	2.719257e-005	2.809287e-005
0.000000e+000	1.206897e-002	2.586207e-002	0.000000e+000	-6.796934e-006	3.125892e-005	3.198934e-005
0.000000e+000	1.206897e-002	2.931034e-002	0.000000e+000	-6.406055e-006	3.516202e-005	3.574080e-005
0.000000e+000	1.206897e-002	3.275862e-002	0.000000e+000	-5.859611e-006	3.881257e-005	3.925240e-005
0.000000e+000	1.206897e-002	3.620690e-002	0.000000e+000	-5.144758e-006	4.210693e-005	4.242006e-005
0.000000e+000	1.206897e-002	3.965517e-002	0.000000e+000	-4.263338e-006	4.493481e-005	4.513661e-005
0.000000e+000	1.206897e-002	4.310345e-002	0.000000e+000	-3.235257e-006	4.719058e-005	4.730135e-005
0.000000e+000	1.206897e-002	4.655172e-002	0.000000e+000	-2.099081e-006	4.878645e-005	4.883159e-005
0.000000e+000	1.206897e-002	5.000000e-002	0.000000e+000	-9.089624e-007	4.966547e-005	4.967379e-005
0.000000e+000	1.551724e-002	-5.000000e-002	0.000000e+000	-1.156894e-006	-5.106888e-005	5.108198e-005
0.000000e+000	1.551724e-002	-4.655172e-002	0.000000e+000	-2.767501e-006	-5.016076e-005	5.023704e-005
0.000000e+000	1.551724e-002	-4.310345e-002	0.000000e+000	-4.297377e-006	-4.846278e-005	4.865294e-005
0.000000e+000	1.551724e-002	-3.965517e-002	0.000000e+000	-5.668451e-006	-4.604821e-005	4.639579e-005
0.000000e+000	1.551724e-002	-3.620690e-002	0.000000e+000	-6.827220e-006	-4.302721e-005	4.356549e-005
0.000000e+000	1.551724e-002	-3.275862e-002	0.000000e+000	-7.748850e-006	-3.952891e-005	4.028125e-005
0.000000e+000	1.551724e-002	-2.931034e-002	0.000000e+000	-8.435239e-006	-3.568386e-005	3.666730e-005
0.000000e+000	1.551724e-002	-2.586207e-002	0.000000e+000	-8.908935e-006	-3.161033e-005	3.284177e-005
0.000000e+000	1.551724e-002	-2.241379e-002	0.000000e+000	-9.205399e-006	-2.740591e-005	2.891061e-005
0.000000e+000	1.551724e-002	-1.896552e-002	0.000000e+000	-9.365661e-006	-2.314414e-005	2.496731e-005
0.000000e+000	1.551724e-002	-1.551724e-002	0.000000e+000	-9.430537e-006	-1.887495e-005	2.109974e-005
0.000000e+000	1.551724e-002	-1.206897e-002	0.000000e+000	-9.436731e-006	-1.462741e-005	1.740727e-005
0.000000e+000	1.551724e-002	-8.620690e-003	0.000000e+000	-9.414598e-006	-1.041356e-005	1.403841e-005
0.000000e+000	1.551724e-002	-5.172414e-003	0.000000e+000	-9.387116e-006	-6.232580e-006	1.126779e-005
0.000000e+000	1.551724e-002	-1.724138e-003	0.000000e+000	-9.369571e-006	-2.074765e-006	9.596537e-006
0.000000e+000	1.551724e-002	1.724138e-003	0.000000e+000	-9.369571e-006	2.074765e-006	9.596537e-006
0.000000e+000	1.551724e-002	5.172414e-003	0.000000e+000	-9.387116e-006	6.232580e-006	1.126779e-005
0.000000e+000	1.551724e-002	8.620690e-003	0.000000e+000	-9.414598e-006	1.041356e-005	1.403841e-005
0.000000e+000	1.551724e-002	1.206897e-002	0.000000e+000	-9.436731e-006	1.462741e-005	1.740727e-005
0.000000e+000	1.551724e-002	1.551724e-002	0.000000e+000	-9.430537e-006	1.887495e-005	2.109974e-005
0.000000e+000	1.551724e-002	1.896552e-002	0.000000e+000	-9.365661e-006	2.314414e-005	2.496731e-005
0.000000e+000	1.551724e-002	2.241379e-002	0.000000e+000	-9.205399e-006	2.740591e-005	2.891061e-005
0.000000e+000	1.551724e-002	2.586207e-002	0.000000e+000	-8.908935e-006	3.161033e-005	3.284177e-005
0.000000e+000	1.551724e-002	2.931034e-002	0.000000e+000	-8.435239e-006	3.568386e-005	3.666730e-005
0.000000e+000	1.551724e-002	3.275862e-002	0.000000e+000	-7.748850e-006	3.952891e-005	4.028125e-005
0.000000e+000	1.551724e-002	3.620690e-002	0.000000e+000	-6.827220e-006	4.302721e-005	4.356549e-005
0.000000e+000	1.551724e-002	3.965517e-002	0.000000e+000	-5.668451e-006	4.604821e-005	4.639579e-005
0.000000e+000	1.551724e-002	4.310345e-002	0.000000e+000	-4.297377e-006	4.846278e-005	4.865294e-005
0.000000e+000	1.551724e-002	4.655172e-002	0.000000e+000	-2.767501e-006	5.016076e-005	5.023704e-005
0.000000e+000	1.551724e-002	5.000000e-002	0.000000e+000	-1.156894e-006	5.106888e-005	5.108198e-005
0.000000e+000	1.896552e-002	-5.000000e-002	0.000000e+000	-1.396127e-006	-5.293193e-005	5.295034e-005
0.000000e+000	1.896552e-002	-4.655172e-002	0.000000e+000	-3.500659e-006	-5.197920e-005	5.209695e-005
0.000000e+000	1.896552e-002	-4.310345e-002	0.000000e+000	-5.485835e-006	-5.013139e-005	5.043065e-005
0.000000e+000	1.896552e-002	-3.965517e-002	0.000000e+000	-7.241321e-006	-4.748771e-005	4.803665e-005
0.000000e+000	1.896552e-002	-3.620690e-002	0.000000e+000	-8.695608e-006	-4.419317e-005	4.504053e-005
0.000000e+000	1.896552e-002	-3.275862e-002	0.000000e+000	-9.820897e-006	-4.041202e-005	4.158824e-005
0.000000e+000	1.896552e-002	-2.931034e-002	0.000000e+000	-1.062808e-005	-3.630362e-005	3.782736e-005
0.000000e+000	1.896552e-002	-2.586207e-002	0.000000e+000	-1.115581e-005	-3.200541e-005	3.389393e-005
0.000000e+000	1.896552e-002	-2.241379e-002	0.000000e+000	-1.145810e-005	-2.762443e-005	2.990647e-005
0.000000e+000	1.896552e-002	-1.896552e-002	0.000000e+000	-1.159365e-005	-2.323574e-005	2.596753e-005
0.000000e+000	1.896552e-002	-1.551724e-002	0.000000e+000	-1.161826e-005	-1.888537e-005	2.217299e-005
0.000000e+000	1.896552e-002	-1.206897e-002	0.000000e+000	-1.158029e-005	-1.459537e-005	1.863137e-005
0.000000e+000	1.896552e-002	-8.620690e-003	0.000000e+000	-1.151857e-005	-1.036932e-005	1.549839e-005
0.000000e+000	1.896552e-002	-5.172414e-003	0.000000e+000	-1.146182e-005	-6.197568e-006	1.303009e-005
0.000000e+000	1.896552e-002	-1.724138e-003	0.000000e+000	-1.142882e-005	-2.061692e-006	1.161329e-005
0.000000e+000	1.896552e-002	1.724138e-003	0.000000e+000	-1.142882e-005	2.061692e-006	1.161329e-005
0.000000e+000	1.896552e-002	5.172414e-003	0.000000e+000	-1.146182e-005	6.197568e-006	1.303009e-005
0.000000e+000	1.896552e-002	8.620690e-003	0.000000e+000	-1.151857e-005	1.036932e-005	1.549839e-005
0.000000e+000	1.896552e-002	1.206897e-002	0.000000e+000	-1.158029e-005	1.459537e-005	1.863137e-005
0.000000e+000	1.896552e-002	1.551724e-002	0.000000e+000	-1.161826e-005	1.888537e-005	2.217299e-005
0.000000e+000	1.896552e-002	1.896552e-002	0.000000e+000	-1.159365e-005	2.323574e-005	2.596753e-005
0.000000e+000	1.896552e-002	2.241379e-002	0.000000e+000	-1.145810e-005	2.762443e-005	2.990647e-005
0.000000e+000	1.896552e-002	2.586207e-002	0.000000e+000	-1.115581e-005	3.200541e-005	3.389393e-005
0.000000e+000	1.896552e-002	2.931034e-002	0.000000e+000	-1.062808e-005	3.630362e-005	3.782736e-005
0.000000e+000	1.896552e-002	3.275862e-002	0.000000e+000	-9.820897e-006	4.041202e-005	4.158824e-005
0.000000e+000	1.896552e-002	3.620690e-002	0.000000e+000	-8.695608e-006	4.419317e-005	4.504053e-005
0.000000e+000	1.896552e-002	3.965517e-002	0.000000e+000	-7.241321e-006	4.748771e-005	4.803665e-005
0.000000e+000	1.896552e-002	4.310345e-002	0.000000e+000	-5.485835e-006	5.013139e-005	5.043065e-005
0.000000e+000	1.896552e-002	4.655172e-002	0.000000e+000	-3.500659e-006	5.197920e-005	5.209695e-005
0.000000e+000	1.896552e-002	5.000000e-002	0.000000e+000	-1.396127e-006	5.293193e-005	5.295034e-005
0.000000e+000	2.241379e-002	-5.000000e-002	0.000000e+000	-1.624878e-006	-5.534702e-005	5.537087e-005
0.000000e+000	2.241379e-002	-4.655172e-002	0.000000e+000	-4.331386e-006	-5.432600e-005	5.449840e-005
0.000000e+000	2.241379e-002	-4.310345e-002	0.000000e+000	-6.860259e-006	-5.225886e-005	5.270722e-005
0.000000e+000	2.241379e-002	-3.965517e-002	0.000000e+000	-9.055844e-006	-4.928696e-005	5.011201e-005
0.000000e+000	2.241379e-002	-3.620690e-002	0.000000e+000	-1.082516e-005	-4.560993e-005	4.687697e-005
0.000000e+000	2.241379e-002	-3.275862e-002	0.000000e+000	-1.214241e-005	-4.144430e-005	4.318644e-005
0.000000e+000	2.241379e-002	-2.931034e-002	0.000000e+000	-1.303712e-005	-3.698912e-005	3.921940e-005
0.000000e+000	2.241379e-002	-2.586207e-002	0.000000e+000	-1.357443e-005	-3.240536e-005	3.513364e-005
0.000000e+000	2.241379e-002	-2.241379e-002	0.000000e+000	-1.383551e-005	-2.780892e-005	3.106055e-005
0.000000e+000	2.241379e-002	-1.896552e-002	0.000000e+000	-1.390253e-005	-2.327310e-005	2.710936e-005
0.000000e+000	2.241379e-002	-1.551724e-002	0.000000e+000	-1.384950e-005	-1.883578e-005	2.337938e-005
0.000000e+000	2.241379e-002	-1.206897e-002	0.000000e+000	-1.373775e-005	-1.450792e-005	1.998013e-005
0.000000e+000	2.241379e-002	-8.620690e-003	0.000000e+000	-1.361479e-005	-1.028127e-005	1.706068e-005
0.000000e+000	2.241379e-002	-5.172414e-003	0.000000e+000	-1.351471e-005	-6.134712e-006	1.484190e-005
0.000000e+000	2.241379e-002	-1.724138e-003	0.000000e+000	-1.345937e-005	-2.039092e-006	1.361295e-005
0.000000e+000	2.241379e-002	1.724138e-003	0.000000e+000	-1.345937e-005	2.039092e-006	1.361295e-005
0.000000e+000	2.241379e-002	5.172414e-003	0.000000e+000	-1.351471e-005	6.134712e-006	1.484190e-005
0.000000e+000	2.241379e-002	8.620690e-003	0.000000e+000	-1.361479e-005	1.028127e-005	1.706068e-005
0.000000e+000	2.241379e-002	1.206897e-002	0.000000e+000	-1.373775e-005	1.450792e-005	1.998013e-005
0.000000e+000	2.241379e-002	1.551724e-002	0.000000e+000	-1.384950e-005	1.883578e-005	2.337938e-005
0.000000e+000	2.241379e-002	1.896552e-002	0.000000e+000	-1.390253e-005	2.327310e-005	2.710936e-005
0.000000e+000	2.241379e-002	2.241379e-002	0.000000e+000	-1.383551e-005	2.780892e-005	3.106055e-005
0.000000e+000	2.241379e-002	2.586207e-002	0.000000e+000	-1.357443e-005	3.240536e-005	3.513364e-005
0.000000e+000	2.241379e-002	2.931034e-002	0.000000e+000	-1.303712e-005	3.698912e-005	3.921940e-005
0.000000e+000	2.241379e-002	3.275862e-002	0.000000e+000	-1.214241e-005	4.144430e-005	4.318644e-005
0.000000e+000	2.241379e-002	3.620690e-002	0.000000e+000	-1.082516e-005	4.560993e-005	4.687697e-005
0.000000e+000	2.241379e-002	3.965517e-002	0.000000e+000	-9.055844e-006	4.928696e-005	5.011201e-005
0.000000e+000	2.241379e-002	4.310345e-002	0.000000e+000	-6.860259e-006	5.225886e-005	5.270722e-005
0.000000e+000	2.241379e-002	4.655172e-002	0.000000e+000	-4.331386e-006	5.432600e-005	5.449840e-005
0.000000e+000	2.241379e-002	5.000000e-002	0.000000e+000	-1.624878e-006	5.534702e-005	5.537087e-005
0.000000e+000	2.586207e-002	-5.000000e-002	0.000000e+000	-1.841463e-006	-5.845128e-005	5.848028e-005
0.000000e+000	2.586207e-002	-4.655172e-002	0.000000e+000	-5.310529e-006	-5.732434e-005	5.756980e-005
0.000000e+000	2.586207e-002	-4.310345e-002	0.000000e+000	-8.509983e-006	-5.493204e-005	5.558731e-005
0.000000e+000	2.586207e-002	-3.965517e-002	0.000000e+000	-1.121826e-005	-5.148652e-005	5.269451e-005
0.000000e+000	2.586207e-002	-3.620690e-002	0.000000e+000	-1.331841e-005	-4.727493e-005	4.911516e-005
0.000000e+000	2.586207e-002	-3.275862e-002	0.000000e+000	-1.479831e-005	-4.259162e-005	4.508920e-005
0.000000e+000	2.586207e-002	-2.931034e-002	0.000000e+000	-1.572381e-005	-3.768869e-005	4.083719e-005
0.000000e+000	2.586207e-002	-2.586207e-002	0.000000e+000	-1.620318e-005	-3.275303e-005	3.654181e-005
0.000000e+000	2.586207e-002	-2.241379e-002	0.000000e+000	-1.635668e-005	-2.790507e-005	3.234554e-005
0.000000e+000	2.586207e-002	-1.896552e-002	0.000000e+000	-1.629686e-005	-2.320933e-005	2.835949e-005
0.000000e+000	2.586207e-002	-1.551724e-002	0.000000e+000	-1.611880e-005	-1.868856e-005	2.467951e-005
0.000000e+000	2.586207e-002	-1.206897e-002	0.000000e+000	-1.589724e-005	-1.433691e-005	2.140722e-005
0.000000e+000	2.586207e-002	-8.620690e-003	0.000000e+000	-1.568750e-005	-1.013013e-005	1.867397e-005
0.000000e+000	2.586207e-002	-5.172414e-003	0.000000e+000	-1.552792e-005	-6.032835e-006	1.665867e-005
0.000000e+000	2.586207e-002	-1.724138e-003	0.000000e+000	-1.544241e-005	-2.003309e-006	1.557181e-005
0.000000e+000	2.586207e-002	1.724138e-003	0.000000e+000	-1.544241e-005	2.003309e-006	1.557181e-005
0.000000e+000	2.586207e-002	5.172414e-003	0.000000e+000	-1.552792e-005	6.032835e-006	1.665867e-005
0.000000e+000	2.586207e-002	8.620690e-003	0.000000e+000	-1.568750e-005	1.013013e-005	1.867397e-005
0.000000e+000	2.586207e-002	1.206897e-002	0.000000e+000	-1.589724e-005	1.433691e-005	2.140722e-005
0.000000e+000	2.586207e-002	1.551724e-002	0.000000e+000	-1.611880e-005	1.868856e-005	2.467951e-005
0.000000e+000	2.586207e-002	1.896552e-002	0.000000e+000	-1.629686e-005	2.320933e-005	2.835949e-005
0.000000e+000	2.586207e-002	2.241379e-002	0.000000e+000	-1.635668e-005	2.790507e-005	3.234554e-005
0.000000e+000	2.586207e-002	2.586207e-002	0.000000e+000	-1.620318e-005	3.275303e-005	3.654181e-005
0.000000e+000	2.586207e-002	2.931034e-002	0.000000e+000	-1.572381e-005	3.768869e-005	4.083719e-005
0.000000e+000	2.586207e-002	3.275862e-002	0.000000e+000	-1.479831e-005	4.259162e-005	4.508920e-005
0.000000e+000	2.586207e-002	3.620690e-002	0.000000e+000	-1.331841e-005	4.727493e-005	4.911516e-005
0.000000e+000	2.586207e-002	3.965517e-002	0.000000e+000	-1.121826e-005	5.148652e-005	5.269451e-005
0.000000e+000	2.586207e-002	4.310345e-002	0.000000e+000	-8.509983e-006	5.493204e-005	5.558731e-005
0.000000e+000	2.586207e-002	4.655172e-002	0.000000e+000	-5.310529e-006	5.732434e-005	5.756980e-005
0.000000e+000	2.586207e-002	5.000000e-002	0.000000e+000	-1.841463e-006	5.845128e-005	5.848028e-005
0.000000e+000	2.931034e-002	-5.000000e-002	0.000000e+000	-2.044319e-006	-6.245225e-005	6.248570e-005
0.000000e+000	2.931034e-002	-4.655172e-002	0.000000e+000	-6.520539e-006	-6.115700e-005	6.150363e-005
0.000000e+000	2.931034e-002	-4.310345e-002	0.000000e+000	-1.057457e-005	-5.827067e-005	5.922240e-005
0.000000e+000	2.931034e-002	-3.965517e-002	0.000000e+000	-1.388619e-005	-5.413007e-005	5.588283e-005
0.000000e+000	2.931034e-002	-3.620690e-002	0.000000e+000	-1.631740e-005	-4.916664e-005	5.180363e-005
0.000000e+000	2.931034e-002	-3.275862e-002	0.000000e+000	-1.789639e-005	-4.379052e-005	4.730634e-005
0.000000e+000	2.931034e-002	-2.931034e-002	0.000000e+000	-1.875759e-005	-3.832060e-005	4.266516e-005
0.000000e+000	2.931034e-002	-2.586207e-002	0.000000e+000	-1.907811e-005	-3.296597e-005	3.808844e-005
0.000000e+000	2.931034e-002	-2.241379e-002	0.000000e+000	-1.903281e-005	-2.783980e-005	3.372391e-005
0.000000e+000	2.931034e-002	-1.896552e-002	0.000000e+000	-1.877129e-005	-2.298489e-005	2.967603e-005
0.000000e+000	2.931034e-002	-1.551724e-002	0.000000e+000	-1.841084e-005	-1.839824e-005	2.602795e-005
0.000000e+000	2.931034e-002	-1.206897e-002	0.000000e+000	-1.803791e-005	-1.404967e-005	2.286393e-005
0.000000e+000	2.931034e-002	-8.620690e-003	0.000000e+000	-1.771313e-005	-9.894226e-006	2.028918e-005
0.000000e+000	2.931034e-002	-5.172414e-003	0.000000e+000	-1.747669e-005	-5.879639e-006	1.843922e-005
0.000000e+000	2.931034e-002	-1.724138e-003	0.000000e+000	-1.735279e-005	-1.950367e-006	1.746205e-005
0.000000e+000	2.931034e-002	1.724138e-003	0.000000e+000	-1.735279e-005	1.950367e-006	1.746205e-005
0.000000e+000	2.931034e-002	5.172414e-003	0.000000e+000	-1.747669e-005	5.879639e-006	1.843922e-005
0.000000e+000	2.931034e-002	8.620690e-003	0.000000e+000	-1.771313e-005	9.894226e-006	2.028918e-005
0.000000e+000	2.931034e-002	1.206897e-002	0.000000e+000	-1.803791e-005	1.404967e-005	2.286393e-005
0.000000e+000	2.931034e-002	1.551724e-002	0.000000e+000	-1.841084e-005	1.839824e-005	2.602795e-005
0.000000e+000	2.931034e-002	1.896552e-002	0.000000e+000	-1.877129e-005	2.298489e-005	2.967603e-005
0.000000e+000	2.931034e-002	2.241379e-002	0.000000e+000	-1.903281e-005	2.783980e-005	3.372391e-005
0.000000e+000	2.931034e-002	2.586207e-002	0.000000e+000	-1.907811e-005	3.296597e-005	3.808844e-005
0.000000e+000	2.931034e-002	2.931034e-002	0.000000e+000	-1.875759e-005	3.832060e-005	4.266516e-005
0.000000e+000	2.931034e-002	3.275862e-002	0.000000e+000	-1.789639e-005	4.379052e-005	4.730634e-005
0.000000e+000	2.931034e-002	3.620690e-002	0.000000e+000	-1.631740e-005	4.916664e-005	5.180363e-005
0.000000e+000	2.931034e-002	3.965517e-002	0.000000e+000	-1.388619e-005	5.413007e-005	5.588283e-005
0.000000e+000	2.931034e-002	4.310345e-002	0.000000e+000	-1.057457e-005	5.827067e-005	5.922240e-005
0.000000e+000	2.931034e-002	4.655172e-002	0.000000e+000	-6.520539e-006	6.115700e-005	6.150363e-005
0.000000e+000	2.931034e-002	5.000000e-002	0.000000e+000	-2.044319e-006	6.245225e-005	6.248570e-005
0.000000e+000	3.275862e-002	-5.000000e-002	0.000000e+000	-2.232031e-006	-6.767505e-005	6.771185e-005
0.000000e+000	3.275862e-002	-4.655172e-002	0.000000e+000	-8.102240e-006	-6.610227e-005	6.659697e-005
0.000000e+000	3.275862e-002	-4.310345e-002	0.000000e+000	-1.328176e-005	-6.243813e-005	6.383514e-005
0.000000e+000	3.275862e-002	-3.965517e-002	0.000000e+000	-1.729992e-005	-5.725234e-005	5.980901e-005
0.000000e+000	3.275862e-002	-3.620690e-002	0.000000e+000	-2.001981e-005	-5.122203e-005	5.499536e-005
0.000000e+000	3.275862e-002	-3.275862e-002	0.000000e+000	-2.156961e-005	-4.492644e-005	4.983606e-005
0.000000e+000	3.275862e-002	-2.931034e-002	0.000000e+000	-2.221013e-005	-3.875776e-005	4.467051e-005
0.000000e+000	3.275862e-002	-2.586207e-002	0.000000e+000	-2.222470e-005	-3.292819e-005	3.972660e-005
0.000000e+000	3.275862e-002	-2.241379e-002	0.000000e+000	-2.185957e-005	-2.751829e-005	3.514395e-005
0.000000e+000	3.275862e-002	-1.896552e-002	0.000000e+000	-2.130476e-005	-2.252773e-005	3.100631e-005
0.000000e+000	3.275862e-002	-1.551724e-002	0.000000e+000	-2.069650e-005	-1.791296e-005	2.737187e-005
0.000000e+000	3.275862e-002	-1.206897e-002	0.000000e+000	-2.012769e-005	-1.361075e-005	2.429766e-005
0.000000e+000	3.275862e-002	-8.620690e-003	0.000000e+000	-1.965912e-005	-9.550962e-006	2.185640e-005
0.000000e+000	3.275862e-002	-5.172414e-003	0.000000e+000	-1.932883e-005	-5.662675e-006	2.014124e-005
0.000000e+000	3.275862e-002	-1.724138e-003	0.000000e+000	-1.915871e-005	-1.876299e-006	1.925037e-005
0.000000e+000	3.275862e-002	1.724138e-003	0.000000e+000	-1.915871e-005	1.876299e-006	1.925037e-005
0.000000e+000	3.275862e-002	5.172414e-003	0.000000e+000	-1.932883e-005	5.662675e-006	2.014124e-005
0.000000e+000	3.275862e-002	8.620690e-003	0.000000e+000	-1.965912e-005	9.550962e-006	2.185640e-005
0.000000e+000	3.275862e-002	1.206897e-002	0.000000e+000	-2.012769e-005	1.361075e-005	2.429766e-005
0.000000e+000	3.275862e-002	1.551724e-002	0.000000e+000	-2.069650e-005	1.791296e-005	2.737187e-005
0.000000e+000	3.275862e-002	1.896552e-002	0.000000e+000	-2.130476e-005	2.252773e-005	3.100631e-005
0.000000e+000	3.275862e-002	2.241379e-002	0.000000e+000	-2.185957e-005	2.751829e-005	3.514395e-005
0.000000e+000	3.275862e-002	2.586207e-002	0.000000e+000	-2.222470e-005	3.292819e-005	3.972660e-005
0.000000e+000	3.275862e-002	2.931034e-002	0.000000e+000	-2.221013e-005	3.875776e-005	4.467051e-005
0.000000e+000	3.275862e-002	3.275862e-002	0.000000e+000	-2.156961e-005	4.492644e-005	4.983606e-005
0.000000e+000	3.275862e-002	3.620690e-002	0.000000e+000	-2.001981e-005	5.122203e-005	5.499536e-005
0.000000e+000	3.275862e-002	3.965517e-002	0.000000e+000	-1.729992e-005	5.725234e-005	5.980901e-005
0.000000e+000	3.275862e-002	4.310345e-002	0.000000e+000	-1.328176e-005	6.243813e-005	6.383514e-005
0.000000e+000	3.275862e-002	4.655172e-002	0.000000e+000	-8.102240e-006	6.610227e-005	6.659697e-005
0.000000e+000	3.275862e-002	5.000000e-002	0.000000e+000	-2.232031e-006	6.767505e-005	6.771185e-005
0.000000e+000	3.620690e-002	-5.000000e-002	0.000000e+000	-2.403355e-006	-7.465467e-005	7.469335e-005
0.000000e+000	3.620690e-002	-4.655172e-002	0.000000e+000	-1.031181e-005	-7.259924e-005	7.332791e-005
0.000000e+000	3.620690e-002	-4.310345e-002	0.000000e+000	-1.702116e-005	-6.765047e-005	6.975892e-005
0.000000e+000	3.620690e-002	-3.965517e-002	0.000000e+000	-2.183362e-005	-6.084565e-005	6.464441e-005
0.000000e+000	3.620690e-002	-3.620690e-002	0.000000e+000	-2.469635e-005	-5.329144e-005	5.873574e-005
0.000000e+000	3.620690e-002	-3.275862e-002	0.000000e+000	-2.596987e-005	-4.579840e-005	5.264910e-005
0.000000e+000	3.620690e-002	-2.931034e-002	0.000000e+000	-2.613980e-005	-3.880793e-005	4.679043e-005
0.000000e+000	3.620690e-002	-2.586207e-002	0.000000e+000	-2.564228e-005	-3.248275e-005	4.138425e-005
0.000000e+000	3.620690e-002	-2.241379e-002	0.000000e+000	-2.480542e-005	-2.682384e-005	3.653528e-005
0.000000e+000	3.620690e-002	-1.896552e-002	0.000000e+000	-2.385301e-005	-2.175621e-005	3.228466e-005
0.000000e+000	3.620690e-002	-1.551724e-002	0.000000e+000	-2.292881e-005	-1.717821e-005	2.864998e-005
0.000000e+000	3.620690e-002	-1.206897e-002	0.000000e+000	-2.212135e-005	-1.298526e-005	2.565095e-005
0.000000e+000	3.620690e-002	-8.620690e-003	0.000000e+000	-2.148334e-005	-9.079294e-006	2.332311e-005
0.000000e+000	3.620690e-002	-5.172414e-003	0.000000e+000	-2.104494e-005	-5.370805e-006	2.171947e-005
0.000000e+000	3.620690e-002	-1.724138e-003	0.000000e+000	-2.082228e-005	-1.777635e-006	2.089802e-005
0.000000e+000	3.620690e-002	1.724138e-003	0.000000e+000	-2.082228e-005	1.777635e-006	2.089802e-005
0.000000e+000	3.620690e-002	5.172414e-003	0.000000e+000	-2.104494e-005	5.370805e-006	2.171947e-005
0.000000e+000	3.620690e-002	8.620690e-003	0.000000e+000	-2.148334e-005	9.079294e-006	2.332311e-005
0.000000e+000	3.620690e-002	1.206897e-002	0.000000e+000	-2.212135e-005	1.298526e-005	2.565095e-005
0.000000e+000	3.620690e-002	1.551724e-002	0.000000e+000	-2.292881e-005	1.717821e-005	2.864998e-005
0.000000e+000	3.620690e-002	1.896552e-002	0.000000e+000	-2.385301e-005	2.175621e-005	3.228466e-005
0.000000e+000	3.620690e-002	2.241379e-002	0.000000e+000	-2.480542e-005	2.682384e-005	3.653528e-005
0.000000e+000	3.620690e-002	2.586207e-002	0.000000e+000	-2.564228e-005	3.248275e-005	4.138425e-005
0.000000e+000	3.620690e-002	2.931034e-002	0.000000e+000	-2.613980e-005	3.880793e-005	4.679043e-005
0.000000e+000	3.620690e-002	3.275862e-002	0.000000e+000	-2.596987e-005	4.579840e-005	5.264910e-005
0.000000e+000	3.620690e-002	3.620690e-002	0.000000e+000	-2.469635e-005	5.329144e-005	5.873574e-005
0.000000e+000	3.620690e-002	3.965517e-002	0.000000e+000	-2.183362e-005	6.084565e-005	6.464441e-005
0.000000e+000	3.620690e-002	4.310345e-002	0.000000e+000	-1.702116e-005	6.765047e-005	6.975892e-005
0.000000e+000	3.620690e-002	4.655172e-002	0.000000e+000	-1.031181e-005	7.259924e-005	7.332791e-005
0.000000e+000	3.620690e-002	5.000000e-002	0.000000e+000	-2.403355e-006	7.465467e-005	7.469335e-005
0.000000e+000	3.965517e-002	-5.000000e-002	0.000000e+000	-2.557245e-006	-8.433325e-005	8.437201e-005
0.000000e+000	3.965517e-002	-4.655172e-002	0.000000e+000	-1.365389e-005	-8.137246e-005	8.251004e-005
0.000000e+000	3.965517e-002	-4.310345e-002	0.000000e+000	-2.249491e-005	-7.416551e-005	7.750189e-005
0.000000e+000	3.965517e-002	-3.965517e-002	0.000000e+000	-2.807453e-005	-6.477144e-005	7.059404e-005
0.000000e+000	3.965517e-002	-3.620690e-002	0.000000e+000	-3.069678e-005	-5.505111e-005	6.303108e-005
0.000000e+000	3.965517e-002	-3.275862e-002	0.000000e+000	-3.123865e-005	-4.606630e-005	5.565929e-005
0.000000e+000	3.965517e-002	-2.931034e-002	0.000000e+000	-3.055763e-005	-3.819337e-005	4.891321e-005
0.000000e+000	3.965517e-002	-2.586207e-002	0.000000e+000	-2.927834e-005	-3.143038e-005	4.295451e-005
0.000000e+000	3.965517e-002	-2.241379e-002	0.000000e+000	-2.779579e-005	-2.562422e-005	3.780485e-005
0.000000e+000	3.965517e-002	-1.896552e-002	0.000000e+000	-2.634042e-005	-2.058716e-005	3.343125e-005
0.000000e+000	3.965517e-002	-1.551724e-002	0.000000e+000	-2.503946e-005	-1.614374e-005	2.979253e-005
0.000000e+000	3.965517e-002	-1.206897e-002	0.000000e+000	-2.395980e-005	-1.214404e-005	2.686168e-005
0.000000e+000	3.965517e-002	-8.620690e-003	0.000000e+000	-2.313472e-005	-8.463139e-006	2.463412e-005
0.000000e+000	3.965517e-002	-5.172414e-003	0.000000e+000	-2.257962e-005	-4.996118e-006	2.312576e-005
0.000000e+000	3.965517e-002	-1.724138e-003	0.000000e+000	-2.230097e-005	-1.652011e-006	2.236208e-005
0.000000e+000	3.965517e-002	1.724138e-003	0.000000e+000	-2.230097e-005	1.652011e-006	2.236208e-005
0.000000e+000	3.965517e-002	5.172414e-003	0.000000e+000	-2.257962e-005	4.996118e-006	2.312576e-005
0.000000e+000	3.965517e-002	8.620690e-003	0.000000e+000	-2.313472e-005	8.463139e-006	2.463412e-005
0.000000e+000	3.965517e-002	1.206897e-002	0.000000e+000	-2.395980e-005	1.214404e-005	2.686168e-005
0.000000e+000	3.965517e-002	1.551724e-002	0.000000e+000	-2.503946e-005	1.614374e-005	2.979253e-005
0.000000e+000	3.965517e-002	1.896552e-002	0.000000e+000	-2.634042e-005	2.058716e-005	3.343125e-005
0.000000e+000	3.965517e-002	2.241379e-002	0.000000e+000	-2.779579e-005	2.562422e-005	3.780485e-005
0.000000e+000	3.965517e-002	2.586207e-002	0.000000e+000	-2.927834e-005	3.143038e-005	4.295451e-005
0.000000e+000	3.965517e-002	2.931034e-002	0.000000e+000	-3.055763e-005	3.819337e-005	4.891321e-005
0.000000e+000	3.965517e-002	3.275862e-002	0.000000e+000	-3.123865e-005	4.606630e-005	5.565929e-005
0.000000e+000	3.965517e-002	3.620690e-002	0.000000e+000	-3.069678e-005	5.505111e-005	6.303108e-005
0.000000e+000	3.965517e-002	3.965517e-002	0.000000e+000	-2.807453e-005	6.477144e-005	7.059404e-005
0.000000e+000	3.965517e-002	4.310345e-002	0.000000e+000	-2.249491e-005	7.416551e-005	7.750189e-005
0.000000e+000	3.965517e-002	4.655172e-002	0.000000e+000	-1.365389e-005	8.137246e-005	8.251004e-005
0.000000e+000	3.965517e-002	5.000000e-002	0.000000e+000	-2.557245e-006	8.433325e-005	8.437201e-005
0.000000e+000	4.310345e-002	-5.000000e-002	0.000000e+000	-2.692871e-006	-9.853475e-005	9.857154e-005
0.000000e+000	4.310345e-002	-4.655172e-002	0.000000e+000	-1.923127e-005	-9.367898e-005	9.563259e-005
0.000000e+000	4.310345e-002	-4.310345e-002	0.000000e+000	-3.103628e-005	-8.217407e-005	8.783978e-005
0.000000e+000	4.310345e-002	-3.965517e-002	0.000000e+000	-3.691959e-005	-6.853415e-005	7.784591e-005
0.000000e+000	4.310345e-002	-3.620690e-002	0.000000e+000	-3.840091e-005	-5.584603e-005	6.777469e-005
0.000000e+000	4.310345e-002	-3.275862e-002	0.000000e+000	-3.742530e-005	-4.518852e-005	5.867415e-005
0.000000e+000	4.310345e-002	-2.931034e-002	0.000000e+000	-3.536467e-005	-3.654474e-005	5.085448e-005
0.000000e+000	4.310345e-002	-2.586207e-002	0.000000e+000	-3.299235e-005	-2.954459e-005	4.428745e-005
0.000000e+000	4.310345e-002	-2.241379e-002	0.000000e+000	-3.069614e-005	-2.379000e-005	3.883577e-005
0.000000e+000	4.310345e-002	-1.896552e-002	0.000000e+000	-2.865390e-005	-1.895079e-005	3.435373e-005
0.000000e+000	4.310345e-002	-1.551724e-002	0.000000e+000	-2.693816e-005	-1.477422e-005	3.072364e-005
0.000000e+000	4.310345e-002	-1.206897e-002	0.000000e+000	-2.557166e-005	-1.107052e-005	2.786515e-005
0.000000e+000	4.310345e-002	-8.620690e-003	0.000000e+000	-2.455571e-005	-7.695530e-006	2.573333e-005
0.000000e+000	4.310345e-002	-5.172414e-003	0.000000e+000	-2.388417e-005	-4.536120e-006	2.431111e-005
0.000000e+000	4.310345e-002	-1.724138e-003	0.000000e+000	-2.355038e-005	-1.498853e-006	2.359803e-005
0.000000e+000	4.310345e-002	1.724138e-003	0.000000e+000	-2.355038e-005	1.498853e-006	2.359803e-005
0.000000e+000	4.310345e-002	5.172414e-003	0.000000e+000	-2.388417e-005	4.536120e-006	2.431111e-005
0.000000e+000	4.310345e-002	8.620690e-003	0.000000e+000	-2.455571e-005	7.695530e-006	2.573333e-005
0.000000e+000	4.310345e-002	1.206897e-002	0.000000e+000	-2.557166e-005	1.107052e-005	2.786515e-005
0.000000e+000	4.310345e-002	1.551724e-002	0.000000e+000	-2.693816e-005	1.477422e-005	3.072364e-005
0.000000e+000	4.310345e-002	1.896552e-002	0.000000e+000	-2.865390e-005	1.895079e-005	3.435373e-005
0.000000e+000	4.310345e-002	2.241379e-002	0.000000e+000	-3.069614e-005	2.379000e-005	3.883577e-005
0.000000e+000	4.310345e-002	2.586207e-002	0.000000e+000	-3.299235e-005	2.954459e-005	4.428745e-005
0.000000e+000	4.310345e-002	2.931034e-002	0.000000e+000	-3.536467e-005	3.654474e-005	5.085448e-005
0.000000e+000	4.310345e-002	3.275862e-002	0.000000e+000	-3.742530e-005	4.518852e-005	5.867415e-005
0.000000e+000	4.310345e-002	3.620690e-002	0.000000e+000	-3.840091e-005	5.584603e-005	6.777469e-005
0.000000e+000	4.310345e-002	3.965517e-002	0.000000e+000	-3.691959e-005	6.853415e-005	7.784591e-005
0.000000e+000	4.310345e-002	4.310345e-002	0.000000e+000	-3.103628e-005	8.217407e-005	8.783978e-005
0.000000e+000	4.310345e-002	4.655172e-002	0.000000e+000	-1.923127e-005	9.367898e-005	9.563259e-005
0.000000e+000	4.310345e-002	5.000000e-002	0.000000e+000	-2.692871e-006	9.853475e-005	9.857154e-005
0.000000e+000	4.655172e-002	-5.000000e-002	0.000000e+000	-2.809646e-006	-1.213131e-004	1.213457e-004
0.000000e+000	4.655172e-002	-4.655172e-002	0.000000e+000	-2.981109e-005	-1.117824e-004	1.156893e-004
0.000000e+000	4.655172e-002	-4.310345e-002	0.000000e+000	-4.526694e-005	-9.127385e-005	1.018823e-004
0.000000e+000	4.655172e-002	-3.965517e-002	0.000000e+000	-4.956541e-005	-7.073759e-005	8.637440e-005
0.000000e+000	4.655172e-002	-3.620690e-002	0.000000e+000	-4.799687e-005	-5.446305e-005	7.259424e-005
0.000000e+000	4.655172e-002	-3.275862e-002	0.000000e+000	-4.431079e-005	-4.239668e-005	6.132638e-005
0.000000e+000	4.655172e-002	-2.931034e-002	0.000000e+000	-4.025933e-005	-3.344300e-005	5.233783e-005
0.000000e+000	4.655172e-002	-2.586207e-002	0.000000e+000	-3.651852e-005	-2.661854e-005	4.519015e-005
0.000000e+000	4.655172e-002	-2.241379e-002	0.000000e+000	-3.330197e-005	-2.122929e-005	3.949309e-005
0.000000e+000	4.655172e-002	-1.896552e-002	0.000000e+000	-3.064406e-005	-1.681306e-005	3.495336e-005
0.000000e+000	4.655172e-002	-1.551724e-002	0.000000e+000	-2.851722e-005	-1.306247e-005	3.136654e-005
0.000000e+000	4.655172e-002	-1.206897e-002	0.000000e+000	-2.687843e-005	-9.768314e-006	2.859843e-005
0.000000e+000	4.655172e-002	-8.620690e-003	0.000000e+000	-2.568698e-005	-6.782731e-006	2.656739e-005
0.000000e+000	4.655172e-002	-5.172414e-003	0.000000e+000	-2.491072e-005	-3.995743e-006	2.522915e-005
0.000000e+000	4.655172e-002	-1.724138e-003	0.000000e+000	-2.452801e-005	-1.319973e-006	2.456350e-005
0.000000e+000	4.655172e-002	1.724138e-003	0.000000e+000	-2.452801e-005	1.319973e-006	2.456350e-005
0.000000e+000	4.655172e-002	5.172414e-003	0.000000e+000	-2.491072e-005	3.995743e-006	2.522915e-005
0.000000e+000	4.655172e-002	8.620690e-003	0.000000e+000	-2.568698e-005	6.782731e-006	2.656739e-005
0.000000e+000	4.655172e-002	1.206897e-002	0.000000e+000	-2.687843e-005	9.768314e-006	2.859843e-005
0.000000e+000	4.655172e-002	1.551724e-002	0.000000e+000	-2.851722e-005	1.306247e-005	3.136654e-005
0.000000e+000	4.655172e-002	1.896552e-002	0.000000e+000	-3.064406e-005	1.681306e-005	3.495336e-005
0.000000e+000	4.655172e-002	2.241379e-002	0.000000e+000	-3.330197e-005	2.122929e-005	3.949309e-005
0.000000e+000	4.655172e-002	2.586207e-002	0.000000e+000	-3.651852e-005	2.661854e-005	4.519015e-005
0.000000e+000	4.655172e-002	2.931034e-002	0.000000e+000	-4.025933e-005	3.344300e-005	5.233783e-005
0.000000e+000	4.655172e-002	3.275862e-002	0.000000e+000	-4.431079e-005	4.239668e-005	6.132638e-005
0.000000e+000	4.655172e-002	3.620690e-002	0.000000e+000	-4.799687e-005	5.446305e-005	7.259424e-005
0.000000e+000	4.655172e-002	3.965517e-002	0.000000e+000	-4.956541e-005	7.073759e-005	8.637440e-005
0.000000e+000	4.655172e-002	4.310345e-002	0.000000e+000	-4.526694e-005	9.127385e-005	1.018823e-004
0.000000e+000	4.655172e-002	4.655172e-002	0.000000e+000	-2.981109e-005	1.117824e-004	1.156893e-004
0.000000e+000	4.655172e-002	5.000000e-002	0.000000e+000	-2.809646e-006	1.213131e-004	1.213457e-004
0.000000e+000	5.000000e-002	-5.000000e-002	0.000000e+000	-2.907232e-006	-1.638938e-004	1.639196e-004
0.000000e+000	5.000000e-002	-4.655172e-002	0.000000e+000	-5.373434e-005	-1.393889e-004	1.493876e-004
0.000000e+000	5.000000e-002	-4.310345e-002	0.000000e+000	-7.004458e-005	-9.826142e-005	1.206713e-004
0.000000e+000	5.000000e-002	-3.965517e-002	0.000000e+000	-6.681086e-005	-6.803134e-005	9.535174e-005
0.000000e+000	5.000000e-002	-3.620690e-002	0.000000e+000	-5.887056e-005	-4.901811e-005	7.660626e-005
0.000000e+000	5.000000e-002	-3.275862e-002	0.000000e+000	-5.113151e-005	-3.684076e-005	6.302121e-005
0.000000e+000	5.000000e-002	-2.931034e-002	0.000000e+000	-4.465152e-005	-2.855947e-005	5.300378e-005
0.000000e+000	5.000000e-002	-2.586207e-002	0.000000e+000	-3.945486e-005	-2.255435e-005	4.544650e-005
0.000000e+000	5.000000e-002	-2.241379e-002	0.000000e+000	-3.535016e-005	-1.793720e-005	3.964060e-005
0.000000e+000	5.000000e-002	-1.896552e-002	0.000000e+000	-3.213968e-005	-1.420126e-005	3.513737e-005
0.000000e+000	5.000000e-002	-1.551724e-002	0.000000e+000	-2.966389e-005	-1.104229e-005	3.165246e-005
0.000000e+000	5.000000e-002	-1.206897e-002	0.000000e+000	-2.780378e-005	-8.267413e-006	2.900690e-005
0.000000e+000	5.000000e-002	-8.620690e-003	0.000000e+000	-2.647434e-005	-5.747118e-006	2.709096e-005
0.000000e+000	5.000000e-002	-5.172414e-003	0.000000e+000	-2.561770e-005	-3.388572e-006	2.584083e-005
0.000000e+000	5.000000e-002	-1.724138e-003	0.000000e+000	-2.519795e-005	-1.119909e-006	2.522283e-005
0.000000e+000	5.000000e-002	1.724138e-003	0.000000e+000	-2.519795e-005	1.119909e-006	2.522283e-005
0.000000e+000	5.000000e-002	5.172414e-003	0.000000e+000	-2.561770e-005	3.388572e-006	2.584083e-005
0.000000e+000	5.000000e-002	8.620690e-003	0.000000e+000	-2.647434e-005	5.747118e-006	2.709096e-005
0.000000e+000	5.000000e-002	1.206897e-002	0.000000e+000	-2.780378e-005	8.267413e-006	2.900690e-005
0.000000e+000	5.000000e-002	1.551724e-002	0.000000e+000	-2.966389e-005	1.104229e-005	3.165246e-005
0.000000e+000	5.000000e-002	1.896552e-002	0.000000e+000	-3.213968e-005	1.420126e-005	3.513737e-005
0.000000e+000	5.000000e-002	2.241379e-002	0.000000e+000	-3.535016e-005	1.793720e-005	3.964060e-005
0.000000e+000	5.000000e-002	2.586207e-002	0.000000e+000	-3.945486e-005	2.255435e-005	4.544650e-005
0.000000e+000	5.000000e-002	2.931034e-002	0.000000e+000	-4.465152e-005	2.855947e-005	5.300378e-005
0.000000e+000	5.000000e-002	3.275862e-002	0.000000e+000	-5.113151e-005	3.684076e-005	6.302121e-005
0.000000e+000	5.000000e-002	3.620690e-002	0.000000e+000	-5.887056e-005	4.901811e-005	7.660626e-005
0.000000e+000	5.000000e-002	3.965517e-002	0.000000e+000	-6.681086e-005	6.803134e-005	9.535174e-005
0.000000e+000	5.000000e-002	4.310345e-002	0.000000e+000	-7.004458e-005	9.826142e-005	1.206713e-004
0.000000e+000	5.000000e-002	4.655172e-002	0.000000e+000	-5.373434e-005	1.393889e-004	1.493876e-004
0.000000e+000	5.000000e-002	5.000000e-002	0.000000e+000	-2.907232e-006	1.638938e-004	1.639196e-004
