-5.000000e-002	-5.000000e-002	0.000000e+000	0.000000e+000	0.000000e+000	-1.412345e-005	1.412345e-005
-5.000000e-002	-4.655172e-002	0.000000e+000	0.000000e+000	0.000000e+000	-1.385608e-005	1.385608e-005
-5.000000e-002	-4.310345e-002	0.000000e+000	0.000000e+000	0.000000e+000	-1.323280e-005	1.323280e-005
-5.000000e-002	-3.965517e-002	0.000000e+000	0.000000e+000	0.000000e+000	-1.230362e-005	1.230362e-005
-5.000000e-002	-3.620690e-002	0.000000e+000	0.000000e+000	0.000000e+000	-1.113969e-005	1.113969e-005
-5.000000e-002	-3.275862e-002	0.000000e+000	0.000000e+000	0.000000e+000	-9.823570e-006	9.823570e-006
-5.000000e-002	-2.931034e-002	0.000000e+000	0.000000e+000	0.000000e+000	-8.439434e-006	8.439434e-006
-5.000000e-002	-2.586207e-002	0.000000e+000	0.000000e+000	0.000000e+000	-7.064740e-006	7.064740e-006
-5.000000e-002	-2.241379e-002	0.000000e+000	0.000000e+000	0.000000e+000	-5.764763e-006	5.764763e-006
-5.000000e-002	-1.896552e-002	0.000000e+000	0.000000e+000	0.000000e+000	-4.590144e-006	4.590144e-006
-5.000000e-002	-1.551724e-002	0.000000e+000	0.000000e+000	0.000000e+000	-3.577074e-006	3.577074e-006
-5.000000e-002	-1.206897e-002	0.000000e+000	0.000000e+000	0.000000e+000	-2.749260e-006	2.749260e-006
-5.000000e-002	-8.620690e-003	0.000000e+000	0.000000e+000	0.000000e+000	-2.120788e-006	2.120788e-006
-5.000000e-002	-5.172414e-003	0.000000e+000	0.000000e+000	0.000000e+000	-1.699118e-006	1.699118e-006
-5.000000e-002	-1.724138e-003	0.000000e+000	0.000000e+000	0.000000e+000	-1.487669e-006	1.487669e-006
-5.000000e-002	1.724138e-003	0.000000e+000	0.000000e+000	0.000000e+000	-1.487669e-006	1.487669e-006
-5.000000e-002	5.172414e-003	0.000000e+000	0.000000e+000	0.000000e+000	-1.699118e-006	1.699118e-006
-5.000000e-002	8.620690e-003	0.000000e+000	0.000000e+000	0.000000e+000	-2.120788e-006	2.120788e-006
-5.000000e-002	1.206897e-002	0.000000e+000	0.000000e+000	0.000000e+000	-2.749260e-006	2.749260e-006
-5.000000e-002	1.551724e-002	0.000000e+000	0.000000e+000	0.000000e+000	-3.577074e-006	3.577074e-006
-5.000000e-002	1.896552e-002	0.000000e+000	0.000000e+000	0.000000e+000	-4.590144e-006	4.590144e-006
-5.000000e-002	2.241379e-002	0.000000e+000	0.000000e+000	0.000000e+000	-5.764763e-006	5.764763e-006
-5.000000e-002	2.586207e-002	0.000000e+000	0.000000e+000	0.000000e+000	-7.064740e-006	7.064740e-006
-5.000000e-002	2.931034e-002	0.000000e+000	0.000000e+000	0.000000e+000	-8.439434e-006	8.439434e-006
-5.000000e-002	3.275862e-002	0.000000e+000	0.000000e+000	0.000000e+000	-9.823570e-006	9.823570e-006
-5.000000e-002	3.620690e-002	0.000000e+000	0.000000e+000	0.000000e+000	-1.113969e-005	1.113969e-005
-5.000000e-002	3.965517e-002	0.000000e+000	0.000000e+000	0.000000e+000	-1.230362e-005	1.230362e-005
-5.000000e-002	4.310345e-002	0.000000e+000	0.000000e+000	0.000000e+000	-1.323280e-005	1.323280e-005
-5.000000e-002	4.655172e-002	0.000000e+000	0.000000e+000	0.000000e+000	-1.385608e-005	1.385608e-005
-5.000000e-002	5.000000e-002	0.000000e+000	0.000000e+000	0.000000e+000	-1.412345e-005	1.412345e-005
-4.655172e-002	-5.000000e-002	0.000000e+000	0.000000e+000	0.000000e+000	-1.410264e-005	1.410264e-005
-4.655172e-002	-4.655172e-002	0.000000e+000	0.000000e+000	0.000000e+000	-1.383469e-005	1.383469e-005
-4.655172e-002	-4.310345e-002	0.000000e+000	0.000000e+000	0.000000e+000	-1.321081e-005	1.321081e-005
-4.655172e-002	-3.965517e-002	0.000000e+000	0.000000e+000	0.000000e+000	-1.228103e-005	1.228103e-005
-4.655172e-002	-3.620690e-002	0.000000e+000	0.000000e+000	0.000000e+000	-1.111649e-005	1.111649e-005
-4.655172e-002	-3.275862e-002	0.000000e+000	0.000000e+000	0.000000e+000	-9.799774e-006	9.799774e-006
-4.655172e-002	-2.931034e-002	0.000000e+000	0.000000e+000	0.000000e+000	-8.415061e-006	8.415061e-006
-4.655172e-002	-2.586207e-002	0.000000e+000	0.000000e+000	0.000000e+000	-7.039820e-006	7.039820e-006
-4.655172e-002	-2.241379e-002	0.000000e+000	0.000000e+000	0.000000e+000	-5.739336e-006	5.739336e-006
-4.655172e-002	-1.896552e-002	0.000000e+000	0.000000e+000	0.000000e+000	-4.564262e-006	4.564262e-006
-4.655172e-002	-1.551724e-002	0.000000e+000	0.000000e+000	0.000000e+000	-3.550797e-006	3.550797e-006
-4.655172e-002	-1.206897e-002	0.000000e+000	0.000000e+000	0.000000e+000	-2.722656e-006	2.722656e-006
-4.655172e-002	-8.620690e-003	0.000000e+000	0.000000e+000	0.000000e+000	-2.093934e-006	2.093934e-006
-4.655172e-002	-5.172414e-003	0.000000e+000	0.000000e+000	0.000000e+000	-1.672094e-006	1.672094e-006
-4.655172e-002	-1.724138e-003	0.000000e+000	0.000000e+000	0.000000e+000	-1.460558e-006	1.460558e-006
-4.655172e-002	1.724138e-003	0.000000e+000	0.000000e+000	0.000000e+000	-1.460558e-006	1.460558e-006
-4.655172e-002	5.172414e-003	0.000000e+000	0.000000e+000	0.000000e+000	-1.672094e-006	1.672094e-006
-4.655172e-002	8.620690e-003	0.000000e+000	0.000000e+000	0.000000e+000	-2.093934e-006	2.093934e-006
-4.655172e-002	1.206897e-002	0.000000e+000	0.000000e+000	0.000000e+000	-2.722656e-006	2.722656e-006
-4.655172e-002	1.551724e-002	0.000000e+000	0.000000e+000	0.000000e+000	-3.550797e-006	3.550797e-006
-4.655172e-002	1.896552e-002	0.000000e+000	0.000000e+000	0.000000e+000	-4.564262e-006	4.564262e-006
-4.655172e-002	2.241379e-002	0.000000e+000	0.000000e+000	0.000000e+000	-5.739336e-006	5.739336e-006
-4.655172e-002	2.586207e-002	0.000000e+000	0.000000e+000	0.000000e+000	-7.039820e-006	7.039820e-006
-4.655172e-002	2.931034e-002	0.000000e+000	0.000000e+000	0.000000e+000	-8.415061e-006	8.415061e-006
-4.655172e-002	3.275862e-002	0.000000e+000	0.000000e+000	0.000000e+000	-9.799774e-006	9.799774e-006
-4.655172e-002	3.620690e-002	0.000000e+000	0.000000e+000	0.000000e+000	-1.111649e-005	1.111649e-005
-4.655172e-002	3.965517e-002	0.000000e+000	0.000000e+000	0.000000e+000	-1.228103e-005	1.228103e-005
-4.655172e-002	4.310345e-002	0.000000e+000	0.000000e+000	0.000000e+000	-1.321081e-005	1.321081e-005
-4.655172e-002	4.655172e-002	0.000000e+000	0.000000e+000	0.000000e+000	-1.383469e-005	1.383469e-005
-4.655172e-002	5.000000e-002	0.000000e+000	0.000000e+000	0.000000e+000	-1.410264e-005	1.410264e-005
-4.310345e-002	-5.000000e-002	0.000000e+000	0.000000e+000	0.000000e+000	-1.408321e-005	1.408321e-005
-4.310345e-002	-4.655172e-002	0.000000e+000	0.000000e+000	0.000000e+000	-1.381478e-005	1.381478e-005
-4.310345e-002	-4.310345e-002	0.000000e+000	0.000000e+000	0.000000e+000	-1.319041e-005	1.319041e-005
-4.310345e-002	-3.965517e-002	0.000000e+000	0.000000e+000	0.000000e+000	-1.226014e-005	1.226014e-005
-4.310345e-002	-3.620690e-002	0.000000e+000	0.000000e+000	0.000000e+000	-1.109511e-005	1.109511e-005
-4.310345e-002	-3.275862e-002	0.000000e+000	0.000000e+000	0.000000e+000	-9.777914e-006	9.777914e-006
-4.310345e-002	-2.931034e-002	0.000000e+000	0.000000e+000	0.000000e+000	-8.392738e-006	8.392738e-006
-4.310345e-002	-2.586207e-002	0.000000e+000	0.000000e+000	0.000000e+000	-7.017061e-006	7.017061e-006
-4.310345e-002	-2.241379e-002	0.000000e+000	0.000000e+000	0.000000e+000	-5.716175e-006	5.716175e-006
-4.310345e-002	-1.896552e-002	0.000000e+000	0.000000e+000	0.000000e+000	-4.540741e-006	4.540741e-006
-4.310345e-002	-1.551724e-002	0.000000e+000	0.000000e+000	0.000000e+000	-3.526964e-006	3.526964e-006
-4.310345e-002	-1.206897e-002	0.000000e+000	0.000000e+000	0.000000e+000	-2.698566e-006	2.698566e-006
-4.310345e-002	-8.620690e-003	0.000000e+000	0.000000e+000	0.000000e+000	-2.069646e-006	2.069646e-006
-4.310345e-002	-5.172414e-003	0.000000e+000	0.000000e+000	0.000000e+000	-1.647672e-006	1.647672e-006
-4.310345e-002	-1.724138e-003	0.000000e+000	0.000000e+000	0.000000e+000	-1.436069e-006	1.436069e-006
-4.310345e-002	1.724138e-003	0.000000e+000	0.000000e+000	0.000000e+000	-1.436069e-006	1.436069e-006
-4.310345e-002	5.172414e-003	0.000000e+000	0.000000e+000	0.000000e+000	-1.647672e-006	1.647672e-006
-4.310345e-002	8.620690e-003	0.000000e+000	0.000000e+000	0.000000e+000	-2.069646e-006	2.069646e-006
-4.310345e-002	1.206897e-002	0.000000e+000	0.000000e+000	0.000000e+000	-2.698566e-006	2.698566e-006
-4.310345e-002	1.551724e-002	0.000000e+000	0.000000e+000	0.000000e+000	-3.526964e-006	3.526964e-006
-4.310345e-002	1.896552e-002	0.000000e+000	0.000000e+000	0.000000e+000	-4.540741e-006	4.540741e-006
-4.310345e-002	2.241379e-002	0.000000e+000	0.000000e+000	0.000000e+000	-5.716175e-006	5.716175e-006
-4.310345e-002	2.586207e-002	0.000000e+000	0.000000e+000	0.000000e+000	-7.017061e-006	7.017061e-006
-4.310345e-002	2.931034e-002	0.000000e+000	0.000000e+000	0.000000e+000	-8.392738e-006	8.392738e-006
-4.310345e-002	3.275862e-002	0.000000e+000	0.000000e+000	0.000000e+000	-9.777914e-006	9.777914e-006
-4.310345e-002	3.620690e-002	0.000000e+000	0.000000e+000	0.000000e+000	-1.109511e-005	1.109511e-005
-4.310345e-002	3.965517e-002	0.000000e+000	0.000000e+000	0.000000e+000	-1.226014e-005	1.226014e-005
-4.310345e-002	4.310345e-002	0.000000e+000	0.000000e+000	0.000000e+000	-1.319041e-005	1.319041e-005
-4.310345e-002	4.655172e-002	0.000000e+000	0.000000e+000	0.000000e+000	-1.381478e-005	1.381478e-005
-4.310345e-002	5.000000e-002	0.000000e+000	0.000000e+000	0.000000e+000	-1.408321e-005	1.408321e-005
-3.965517e-002	-5.000000e-002	0.000000e+000	0.000000e+000	0.000000e+000	-1.406523e-005	1.406523e-005
-3.965517e-002	-4.655172e-002	0.000000e+000	0.000000e+000	0.000000e+000	-1.379640e-005	1.379640e-005
-3.965517e-002	-4.310345e-002	0.000000e+000	0.000000e+000	0.000000e+000	-1.317163e-005	1.317163e-005
-3.965517e-002	-3.965517e-002	0.000000e+000	0.000000e+000	0.000000e+000	-1.224095e-005	1.224095e-005
-3.965517e-002	-3.620690e-002	0.000000e+000	0.000000e+000	0.000000e+000	-1.107552e-005	1.107552e-005
-3.965517e-002	-3.275862e-002	0.000000e+000	0.000000e+000	0.000000e+000	-9.757935e-006	9.757935e-006
-3.965517e-002	-2.931034e-002	0.000000e+000	0.000000e+000	0.000000e+000	-8.372388e-006	8.372388e-006
-3.965517e-002	-2.586207e-002	0.000000e+000	0.000000e+000	0.000000e+000	-6.996362e-006	6.996362e-006
-3.965517e-002	-2.241379e-002	0.000000e+000	0.000000e+000	0.000000e+000	-5.695156e-006	5.695156e-006
-3.965517e-002	-1.896552e-002	0.000000e+000	0.000000e+000	0.000000e+000	-4.519435e-006	4.519435e-006
-3.965517e-002	-1.551724e-002	0.000000e+000	0.000000e+000	0.000000e+000	-3.505411e-006	3.505411e-006
-3.965517e-002	-1.206897e-002	0.000000e+000	0.000000e+000	0.000000e+000	-2.676810e-006	2.676810e-006
-3.965517e-002	-8.620690e-003	0.000000e+000	0.000000e+000	0.000000e+000	-2.047733e-006	2.047733e-006
-3.965517e-002	-5.172414e-003	0.000000e+000	0.000000e+000	0.000000e+000	-1.625654e-006	1.625654e-006
-3.965517e-002	-1.724138e-003	0.000000e+000	0.000000e+000	0.000000e+000	-1.413997e-006	1.413997e-006
-3.965517e-002	1.724138e-003	0.000000e+000	0.000000e+000	0.000000e+000	-1.413997e-006	1.413997e-006
-3.965517e-002	5.172414e-003	0.000000e+000	0.000000e+000	0.000000e+000	-1.625654e-006	1.625654e-006
-3.965517e-002	8.620690e-003	0.000000e+000	0.000000e+000	0.000000e+000	-2.047733e-006	2.047733e-006
-3.965517e-002	1.206897e-002	0.000000e+000	0.000000e+000	0.000000e+000	-2.676810e-006	2.676810e-006
-3.965517e-002	1.551724e-002	0.000000e+000	0.000000e+000	0.000000e+000	-3.505411e-006	3.505411e-006
-3.965517e-002	1.896552e-002	0.000000e+000	0.000000e+000	0.000000e+000	-4.519435e-006	4.519435e-006
-3.965517e-002	2.241379e-002	0.000000e+000	0.000000e+000	0.000000e+000	-5.695156e-006	5.695156e-006
-3.965517e-002	2.586207e-002	0.000000e+000	0.000000e+000	0.000000e+000	-6.996362e-006	6.996362e-006
-3.965517e-002	2.931034e-002	0.000000e+000	0.000000e+000	0.000000e+000	-8.372388e-006	8.372388e-006
-3.965517e-002	3.275862e-002	0.000000e+000	0.000000e+000	0.000000e+000	-9.757935e-006	9.757935e-006
-3.965517e-002	3.620690e-002	0.000000e+000	0.000000e+000	0.000000e+000	-1.107552e-005	1.107552e-005
-3.965517e-002	3.965517e-002	0.000000e+000	0.000000e+000	0.000000e+000	-1.224095e-005	1.224095e-005
-3.965517e-002	4.310345e-002	0.000000e+000	0.000000e+000	0.000000e+000	-1.317163e-005	1.317163e-005
-3.965517e-002	4.655172e-002	0.000000e+000	0.000000e+000	0.000000e+000	-1.379640e-005	1.379640e-005
-3.965517e-002	5.000000e-002	0.000000e+000	0.000000e+000	0.000000e+000	-1.406523e-005	1.406523e-005
-3.620690e-002	-5.000000e-002	0.000000e+000	0.000000e+000	0.000000e+000	-1.404873e-005	1.404873e-005
-3.620690e-002	-4.655172e-002	0.000000e+000	0.000000e+000	0.000000e+000	-1.377956e-005	1.377956e-005
-3.620690e-002	-4.310345e-002	0.000000e+000	0.000000e+000	0.000000e+000	-1.315446e-005	1.315446e-005
-3.620690e-002	-3.965517e-002	0.000000e+000	0.000000e+000	0.000000e+000	-1.222345e-005	1.222345e-005
-3.620690e-002	-3.620690e-002	0.000000e+000	0.000000e+000	0.000000e+000	-1.105769e-005	1.105769e-005
-3.620690e-002	-3.275862e-002	0.000000e+000	0.000000e+000	0.000000e+000	-9.739791e-006	9.739791e-006
-3.620690e-002	-2.931034e-002	0.000000e+000	0.000000e+000	0.000000e+000	-8.353944e-006	8.353944e-006
-3.620690e-002	-2.586207e-002	0.000000e+000	0.000000e+000	0.000000e+000	-6.977638e-006	6.977638e-006
-3.620690e-002	-2.241379e-002	0.000000e+000	0.000000e+000	0.000000e+000	-5.676176e-006	5.676176e-006
-3.620690e-002	-1.896552e-002	0.000000e+000	0.000000e+000	0.000000e+000	-4.500227e-006	4.500227e-006
-3.620690e-002	-1.551724e-002	0.000000e+000	0.000000e+000	0.000000e+000	-3.486006e-006	3.486006e-006
-3.620690e-002	-1.206897e-002	0.000000e+000	0.000000e+000	0.000000e+000	-2.657242e-006	2.657242e-006
-3.620690e-002	-8.620690e-003	0.000000e+000	0.000000e+000	0.000000e+000	-2.028042e-006	2.028042e-006
-3.620690e-002	-5.172414e-003	0.000000e+000	0.000000e+000	0.000000e+000	-1.605879e-006	1.605879e-006
-3.620690e-002	-1.724138e-003	0.000000e+000	0.000000e+000	0.000000e+000	-1.394180e-006	1.394180e-006
-3.620690e-002	1.724138e-003	0.000000e+000	0.000000e+000	0.000000e+000	-1.394180e-006	1.394180e-006
-3.620690e-002	5.172414e-003	0.000000e+000	0.000000e+000	0.000000e+000	-1.605879e-006	1.605879e-006
-3.620690e-002	8.620690e-003	0.000000e+000	0.000000e+000	0.000000e+000	-2.028042e-006	2.028042e-006
-3.620690e-002	1.206897e-002	0.000000e+000	0.000000e+000	0.000000e+000	-2.657242e-006	2.657242e-006
-3.620690e-002	1.551724e-002	0.000000e+000	0.000000e+000	0.000000e+000	-3.486006e-006	3.486006e-006
-3.620690e-002	1.896552e-002	0.000000e+000	0.000000e+000	0.000000e+000	-4.500227e-006	4.500227e-006
-3.620690e-002	2.241379e-002	0.000000e+000	0.000000e+000	0.000000e+000	-5.676176e-006	5.676176e-006
-3.620690e-002	2.586207e-002	0.000000e+000	0.000000e+000	0.000000e+000	-6.977638e-006	6.977638e-006
-3.620690e-002	2.931034e-002	0.000000e+000	0.000000e+000	0.000000e+000	-8.353944e-006	8.353944e-006
-3.620690e-002	3.275862e-002	0.000000e+000	0.000000e+000	0.000000e+000	-9.739791e-006	9.739791e-006
-3.620690e-002	3.620690e-002	0.000000e+000	0.000000e+000	0.000000e+000	-1.105769e-005	1.105769e-005
-3.620690e-002	3.965517e-002	0.000000e+000	0.000000e+000	0.000000e+000	-1.222345e-005	1.222345e-005
-3.620690e-002	4.310345e-002	0.000000e+000	0.000000e+000	0.000000e+000	-1.315446e-005	1.315446e-005
-3.620690e-002	4.655172e-002	0.000000e+000	0.000000e+000	0.000000e+000	-1.377956e-005	1.377956e-005
-3.620690e-002	5.000000e-002	0.000000e+000	0.000000e+000	0.000000e+000	-1.404873e-005	1.404873e-005
-3.275862e-002	-5.000000e-002	0.000000e+000	0.000000e+000	0.000000e+000	-1.403373e-005	1.403373e-005
-3.275862e-002	-4.655172e-002	0.000000e+000	0.000000e+000	0.000000e+000	-1.376428e-005	1.376428e-005
-3.275862e-002	-4.310345e-002	0.000000e+000	0.000000e+000	0.000000e+000	-1.313890e-005	1.313890e-005
-3.275862e-002	-3.965517e-002	0.000000e+000	0.000000e+000	0.000000e+000	-1.220761e-005	1.220761e-005
-3.275862e-002	-3.620690e-002	0.000000e+000	0.000000e+000	0.000000e+000	-1.104159e-005	1.104159e-005
-3.275862e-002	-3.275862e-002	0.000000e+000	0.000000e+000	0.000000e+000	-9.723437e-006	9.723437e-006
-3.275862e-002	-2.931034e-002	0.000000e+000	0.000000e+000	0.000000e+000	-8.337347e-006	8.337347e-006
-3.275862e-002	-2.586207e-002	0.000000e+000	0.000000e+000	0.000000e+000	-6.960816e-006	6.960816e-006
-3.275862e-002	-2.241379e-002	0.000000e+000	0.000000e+000	0.000000e+000	-5.659147e-006	5.659147e-006
-3.275862e-002	-1.896552e-002	0.000000e+000	0.000000e+000	0.000000e+000	-4.483015e-006	4.483015e-006
-3.275862e-002	-1.551724e-002	0.000000e+000	0.000000e+000	0.000000e+000	-3.468637e-006	3.468637e-006
-3.275862e-002	-1.206897e-002	0.000000e+000	0.000000e+000	0.000000e+000	-2.639745e-006	2.639745e-006
-3.275862e-002	-8.620690e-003	0.000000e+000	0.000000e+000	0.000000e+000	-2.010446e-006	2.010446e-006
-3.275862e-002	-5.172414e-003	0.000000e+000	0.000000e+000	0.000000e+000	-1.588216e-006	1.588216e-006
-3.275862e-002	-1.724138e-003	0.000000e+000	0.000000e+000	0.000000e+000	-1.376483e-006	1.376483e-006
-3.275862e-002	1.724138e-003	0.000000e+000	0.000000e+000	0.000000e+000	-1.376483e-006	1.376483e-006
-3.275862e-002	5.172414e-003	0.000000e+000	0.000000e+000	0.000000e+000	-1.588216e-006	1.588216e-006
-3.275862e-002	8.620690e-003	0.000000e+000	0.000000e+000	0.000000e+000	-2.010446e-006	2.010446e-006
-3.275862e-002	1.206897e-002	0.000000e+000	0.000000e+000	0.000000e+000	-2.639745e-006	2.639745e-006
-3.275862e-002	1.551724e-002	0.000000e+000	0.000000e+000	0.000000e+000	-3.468637e-006	3.468637e-006
-3.275862e-002	1.896552e-002	0.000000e+000	0.000000e+000	0.000000e+000	-4.483015e-006	4.483015e-006
-3.275862e-002	2.241379e-002	0.000000e+000	0.000000e+000	0.000000e+000	-5.659147e-006	5.659147e-006
-3.275862e-002	2.586207e-002	0.000000e+000	0.000000e+000	0.000000e+000	-6.960816e-006	6.960816e-006
-3.275862e-002	2.931034e-002	0.000000e+000	0.000000e+000	0.000000e+000	-8.337347e-006	8.337347e-006
-3.275862e-002	3.275862e-002	0.000000e+000	0.000000e+000	0.000000e+000	-9.723437e-006	9.723437e-006
-3.275862e-002	3.620690e-002	0.000000e+000	0.000000e+000	0.000000e+000	-1.104159e-005	1.104159e-005
-3.275862e-002	3.965517e-002	0.000000e+000	0.000000e+000	0.000000e+000	-1.220761e-005	1.220761e-005
-3.275862e-002	4.310345e-002	0.000000e+000	0.000000e+000	0.000000e+000	-1.313890e-005	1.313890e-005
-3.275862e-002	4.655172e-002	0.000000e+000	0.000000e+000	0.000000e+000	-1.376428e-005	1.376428e-005
-3.275862e-002	5.000000e-002	0.000000e+000	0.000000e+000	0.000000e+000	-1.403373e-005	1.403373e-005
-2.931034e-002	-5.000000e-002	0.000000e+000	0.000000e+000	0.000000e+000	-1.402024e-005	1.402024e-005
-2.931034e-002	-4.655172e-002	0.000000e+000	0.000000e+000	0.000000e+000	-1.375056e-005	1.375056e-005
-2.931034e-002	-4.310345e-002	0.000000e+000	0.000000e+000	0.000000e+000	-1.312495e-005	1.312495e-005
-2.931034e-002	-3.965517e-002	0.000000e+000	0.000000e+000	0.000000e+000	-1.219344e-005	1.219344e-005
-2.931034e-002	-3.620690e-002	0.000000e+000	0.000000e+000	0.000000e+000	-1.102719e-005	1.102719e-005
-2.931034e-002	-3.275862e-002	0.000000e+000	0.000000e+000	0.000000e+000	-9.708832e-006	9.708832e-006
-2.931034e-002	-2.931034e-002	0.000000e+000	0.000000e+000	0.000000e+000	-8.322546e-006	8.322546e-006
-2.931034e-002	-2.586207e-002	0.000000e+000	0.000000e+000	0.000000e+000	-6.945832e-006	6.945832e-006
-2.931034e-002	-2.241379e-002	0.000000e+000	0.000000e+000	0.000000e+000	-5.643998e-006	5.643998e-006
-2.931034e-002	-1.896552e-002	0.000000e+000	0.000000e+000	0.000000e+000	-4.467719e-006	4.467719e-006
-2.931034e-002	-1.551724e-002	0.000000e+000	0.000000e+000	0.000000e+000	-3.453215e-006	3.453215e-006
-2.931034e-002	-1.206897e-002	0.000000e+000	0.000000e+000	0.000000e+000	-2.624220e-006	2.624220e-006
-2.931034e-002	-8.620690e-003	0.000000e+000	0.000000e+000	0.000000e+000	-1.994842e-006	1.994842e-006
-2.931034e-002	-5.172414e-003	0.000000e+000	0.000000e+000	0.000000e+000	-1.572559e-006	1.572559e-006
-2.931034e-002	-1.724138e-003	0.000000e+000	0.000000e+000	0.000000e+000	-1.360800e-006	1.360800e-006
-2.931034e-002	1.724138e-003	0.000000e+000	0.000000e+000	0.000000e+000	-1.360800e-006	1.360800e-006
-2.931034e-002	5.172414e-003	0.000000e+000	0.000000e+000	0.000000e+000	-1.572559e-006	1.572559e-006
-2.931034e-002	8.620690e-003	0.000000e+000	0.000000e+000	0.000000e+000	-1.994842e-006	1.994842e-006
-2.931034e-002	1.206897e-002	0.000000e+000	0.000000e+000	0.000000e+000	-2.624220e-006	2.624220e-006
-2.931034e-002	1.551724e-002	0.000000e+000	0.000000e+000	0.000000e+000	-3.453215e-006	3.453215e-006
-2.931034e-002	1.896552e-002	0.000000e+000	0.000000e+000	0.000000e+000	-4.467719e-006	4.467719e-006
-2.931034e-002	2.241379e-002	0.000000e+000	0.000000e+000	0.000000e+000	-5.643998e-006	5.643998e-006
-2.931034e-002	2.586207e-002	0.000000e+000	0.000000e+000	0.000000e+000	-6.945832e-006	6.945832e-006
-2.931034e-002	2.931034e-002	0.000000e+000	0.000000e+000	0.000000e+000	-8.322546e-006	8.322546e-006
-2.931034e-002	3.275862e-002	0.000000e+000	0.000000e+000	0.000000e+000	-9.708832e-006	9.708832e-006
-2.931034e-002	3.620690e-002	0.000000e+000	0.000000e+000	0.000000e+000	-1.102719e-005	1.102719e-005
-2.931034e-002	3.965517e-002	0.000000e+000	0.000000e+000	0.000000e+000	-1.219344e-005	1.219344e-005
-2.931034e-002	4.310345e-002	0.000000e+000	0.000000e+000	0.000000e+000	-1.312495e-005	1.312495e-005
-2.931034e-002	4.655172e-002	0.000000e+000	0.000000e+000	0.000000e+000	-1.375056e-005	1.375056e-005
-2.931034e-002	5.000000e-002	0.000000e+000	0.000000e+000	0.000000e+000	-1.402024e-005	1.402024e-005
-2.586207e-002	-5.000000e-002	0.000000e+000	0.000000e+000	0.000000e+000	-1.400828e-005	1.400828e-005
-2.586207e-002	-4.655172e-002	0.000000e+000	0.000000e+000	0.000000e+000	-1.373840e-005	1.373840e-005
-2.586207e-002	-4.310345e-002	0.000000e+000	0.000000e+000	0.000000e+000	-1.311259e-005	1.311259e-005
-2.586207e-002	-3.965517e-002	0.000000e+000	0.000000e+000	0.000000e+000	-1.218089e-005	1.218089e-005
-2.586207e-002	-3.620690e-002	0.000000e+000	0.000000e+000	0.000000e+000	-1.101447e-005	1.101447e-005
-2.586207e-002	-3.275862e-002	0.000000e+000	0.000000e+000	0.000000e+000	-9.695941e-006	9.695941e-006
-2.586207e-002	-2.931034e-002	0.000000e+000	0.000000e+000	0.000000e+000	-8.309495e-006	8.309495e-006
-2.586207e-002	-2.586207e-002	0.000000e+000	0.000000e+000	0.000000e+000	-6.932634e-006	6.932634e-006
-2.586207e-002	-2.241379e-002	0.000000e+000	0.000000e+000	0.000000e+000	-5.630667e-006	5.630667e-006
-2.586207e-002	-1.896552e-002	0.000000e+000	0.000000e+000	0.000000e+000	-4.454270e-006	4.454270e-006
-2.586207e-002	-1.551724e-002	0.000000e+000	0.000000e+000	0.000000e+000	-3.439666e-006	3.439666e-006
-2.586207e-002	-1.206897e-002	0.000000e+000	0.000000e+000	0.000000e+000	-2.610588e-006	2.610588e-006
-2.586207e-002	-8.620690e-003	0.000000e+000	0.000000e+000	0.000000e+000	-1.981148e-006	1.981148e-006
-2.586207e-002	-5.172414e-003	0.000000e+000	0.000000e+000	0.000000e+000	-1.558822e-006	1.558822e-006
-2.586207e-002	-1.724138e-003	0.000000e+000	0.000000e+000	0.000000e+000	-1.347042e-006	1.347042e-006
-2.586207e-002	1.724138e-003	0.000000e+000	0.000000e+000	0.000000e+000	-1.347042e-006	1.347042e-006
-2.586207e-002	5.172414e-003	0.000000e+000	0.000000e+000	0.000000e+000	-1.558822e-006	1.558822e-006
-2.586207e-002	8.620690e-003	0.000000e+000	0.000000e+000	0.000000e+000	-1.981148e-006	1.981148e-006
-2.586207e-002	1.206897e-002	0.000000e+000	0.000000e+000	0.000000e+000	-2.610588e-006	2.610588e-006
-2.586207e-002	1.551724e-002	0.000000e+000	0.000000e+000	0.000000e+000	-3.439666e-006	3.439666e-006
-2.586207e-002	1.896552e-002	0.000000e+000	0.000000e+000	0.000000e+000	-4.454270e-006	4.454270e-006
-2.586207e-002	2.241379e-002	0.000000e+000	0.000000e+000	0.000000e+000	-5.630667e-006	5.630667e-006
-2.586207e-002	2.586207e-002	0.000000e+000	0.000000e+000	0.000000e+000	-6.932634e-006	6.932634e-006
-2.586207e-002	2.931034e-002	0.000000e+000	0.000000e+000	0.000000e+000	-8.309495e-006	8.309495e-006
-2.586207e-002	3.275862e-002	0.000000e+000	0.000000e+000	0.000000e+000	-9.695941e-006	9.695941e-006
-2.586207e-002	3.620690e-002	0.000000e+000	0.000000e+000	0.000000e+000	-1.101447e-005	1.101447e-005
-2.586207e-002	3.965517e-002	0.000000e+000	0.000000e+000	0.000000e+000	-1.218089e-005	1.218089e-005
-2.586207e-002	4.310345e-002	0.000000e+000	0.000000e+000	0.000000e+000	-1.311259e-005	1.311259e-005
-2.586207e-002	4.655172e-002	0.000000e+000	0.000000e+000	0.000000e+000	-1.373840e-005	1.373840e-005
-2.586207e-002	5.000000e-002	0.000000e+000	0.000000e+000	0.000000e+000	-1.400828e-005	1.400828e-005
-2.241379e-002	-5.000000e-002	0.000000e+000	0.000000e+000	0.000000e+000	-1.399782e-005	1.399782e-005
-2.241379e-002	-4.655172e-002	0.000000e+000	0.000000e+000	0.000000e+000	-1.372778e-005	1.372778e-005
-2.241379e-002	-4.310345e-002	0.000000e+000	0.000000e+000	0.000000e+000	-1.310181e-005	1.310181e-005
-2.241379e-002	-3.965517e-002	0.000000e+000	0.000000e+000	0.000000e+000	-1.216997e-005	1.216997e-005
-2.241379e-002	-3.620690e-002	0.000000e+000	0.000000e+000	0.000000e+000	-1.100340e-005	1.100340e-005
-2.241379e-002	-3.275862e-002	0.000000e+000	0.000000e+000	0.000000e+000	-9.684731e-006	9.684731e-006
-2.241379e-002	-2.931034e-002	0.000000e+000	0.000000e+000	0.000000e+000	-8.298157e-006	8.298157e-006
-2.241379e-002	-2.586207e-002	0.000000e+000	0.000000e+000	0.000000e+000	-6.921177e-006	6.921177e-006
-2.241379e-002	-2.241379e-002	0.000000e+000	0.000000e+000	0.000000e+000	-5.619102e-006	5.619102e-006
-2.241379e-002	-1.896552e-002	0.000000e+000	0.000000e+000	0.000000e+000	-4.442612e-006	4.442612e-006
-2.241379e-002	-1.551724e-002	0.000000e+000	0.000000e+000	0.000000e+000	-3.427927e-006	3.427927e-006
-2.241379e-002	-1.206897e-002	0.000000e+000	0.000000e+000	0.000000e+000	-2.598784e-006	2.598784e-006
-2.241379e-002	-8.620690e-003	0.000000e+000	0.000000e+000	0.000000e+000	-1.969294e-006	1.969294e-006
-2.241379e-002	-5.172414e-003	0.000000e+000	0.000000e+000	0.000000e+000	-1.546935e-006	1.546935e-006
-2.241379e-002	-1.724138e-003	0.000000e+000	0.000000e+000	0.000000e+000	-1.335137e-006	1.335137e-006
-2.241379e-002	1.724138e-003	0.000000e+000	0.000000e+000	0.000000e+000	-1.335137e-006	1.335137e-006
-2.241379e-002	5.172414e-003	0.000000e+000	0.000000e+000	0.000000e+000	-1.546935e-006	1.546935e-006
-2.241379e-002	8.620690e-003	0.000000e+000	0.000000e+000	0.000000e+000	-1.969294e-006	1.969294e-006
-2.241379e-002	1.206897e-002	0.000000e+000	0.000000e+000	0.000000e+000	-2.598784e-006	2.598784e-006
-2.241379e-002	1.551724e-002	0.000000e+000	0.000000e+000	0.000000e+000	-3.427927e-006	3.427927e-006
-2.241379e-002	1.896552e-002	0.000000e+000	0.000000e+000	0.000000e+000	-4.442612e-006	4.442612e-006
-2.241379e-002	2.241379e-002	0.000000e+000	0.000000e+000	0.000000e+000	-5.619102e-006	5.619102e-006
-2.241379e-002	2.586207e-002	0.000000e+000	0.000000e+000	0.000000e+000	-6.921177e-006	6.921177e-006
-2.241379e-002	2.931034e-002	0.000000e+000	0.000000e+000	0.000000e+000	-8.298157e-006	8.298157e-006
-2.241379e-002	3.275862e-002	0.000000e+000	0.000000e+000	0.000000e+000	-9.684731e-006	9.684731e-006
-2.241379e-002	3.620690e-002	0.000000e+000	0.000000e+000	0.000000e+000	-1.100340e-005	1.100340e-005
-2.241379e-002	3.965517e-002	0.000000e+000	0.000000e+000	0.000000e+000	-1.216997e-005	1.216997e-005
-2.241379e-002	4.310345e-002	0.000000e+000	0.000000e+000	0.000000e+000	-1.310181e-005	1.310181e-005
-2.241379e-002	4.655172e-002	0.000000e+000	0.000000e+000	0.000000e+000	-1.372778e-005	1.372778e-005
-2.241379e-002	5.000000e-002	0.000000e+000	0.000000e+000	0.000000e+000	-1.399782e-005	1.399782e-005
-1.896552e-002	-5.000000e-002	0.000000e+000	0.000000e+000	0.000000e+000	-1.398888e-005	1.398888e-005
-1.896552e-002	-4.655172e-002	0.000000e+000	0.000000e+000	0.000000e+000	-1.371870e-005	1.371870e-005
-1.896552e-002	-4.310345e-002	0.000000e+000	0.000000e+000	0.000000e+000	-1.309261e-005	1.309261e-005
-1.896552e-002	-3.965517e-002	0.000000e+000	0.000000e+000	0.000000e+000	-1.216064e-005	1.216064e-005
-1.896552e-002	-3.620690e-002	0.000000e+000	0.000000e+000	0.000000e+000	-1.099395e-005	1.099395e-005
-1.896552e-002	-3.275862e-002	0.000000e+000	0.000000e+000	0.000000e+000	-9.675174e-006	9.675174e-006
-1.896552e-002	-2.931034e-002	0.000000e+000	0.000000e+000	0.000000e+000	-8.288497e-006	8.288497e-006
-1.896552e-002	-2.586207e-002	0.000000e+000	0.000000e+000	0.000000e+000	-6.911422e-006	6.911422e-006
-1.896552e-002	-2.241379e-002	0.000000e+000	0.000000e+000	0.000000e+000	-5.609263e-006	5.609263e-006
-1.896552e-002	-1.896552e-002	0.000000e+000	0.000000e+000	0.000000e+000	-4.432697e-006	4.432697e-006
-1.896552e-002	-1.551724e-002	0.000000e+000	0.000000e+000	0.000000e+000	-3.417949e-006	3.417949e-006
-1.896552e-002	-1.206897e-002	0.000000e+000	0.000000e+000	0.000000e+000	-2.588754e-006	2.588754e-006
-1.896552e-002	-8.620690e-003	0.000000e+000	0.000000e+000	0.000000e+000	-1.959225e-006	1.959225e-006
-1.896552e-002	-5.172414e-003	0.000000e+000	0.000000e+000	0.000000e+000	-1.536839e-006	1.536839e-006
-1.896552e-002	-1.724138e-003	0.000000e+000	0.000000e+000	0.000000e+000	-1.325029e-006	1.325029e-006
-1.896552e-002	1.724138e-003	0.000000e+000	0.000000e+000	0.000000e+000	-1.325029e-006	1.325029e-006
-1.896552e-002	5.172414e-003	0.000000e+000	0.000000e+000	0.000000e+000	-1.536839e-006	1.536839e-006
-1.896552e-002	8.620690e-003	0.000000e+000	0.000000e+000	0.000000e+000	-1.959225e-006	1.959225e-006
-1.896552e-002	1.206897e-002	0.000000e+000	0.000000e+000	0.000000e+000	-2.588754e-006	2.588754e-006
-1.896552e-002	1.551724e-002	0.000000e+000	0.000000e+000	0.000000e+000	-3.417949e-006	3.417949e-006
-1.896552e-002	1.896552e-002	0.000000e+000	0.000000e+000	0.000000e+000	-4.432697e-006	4.432697e-006
-1.896552e-002	2.241379e-002	0.000000e+000	0.000000e+000	0.000000e+000	-5.609263e-006	5.609263e-006
-1.896552e-002	2.586207e-002	0.000000e+000	0.000000e+000	0.000000e+000	-6.911422e-006	6.911422e-006
-1.896552e-002	2.931034e-002	0.000000e+000	0.000000e+000	0.000000e+000	-8.288497e-006	8.288497e-006
-1.896552e-002	3.275862e-002	0.000000e+000	0.000000e+000	0.000000e+000	-9.675174e-006	9.675174e-006
-1.896552e-002	3.620690e-002	0.000000e+000	0.000000e+000	0.000000e+000	-1.099395e-005	1.099395e-005
-1.896552e-002	3.965517e-002	0.000000e+000	0.000000e+000	0.000000e+000	-1.216064e-005	1.216064e-005
-1.896552e-002	4.310345e-002	0.000000e+000	0.000000e+000	0.000000e+000	-1.309261e-005	1.309261e-005
-1.896552e-002	4.655172e-002	0.000000e+000	0.000000e+000	0.000000e+000	-1.371870e-005	1.371870e-005
-1.896552e-002	5.000000e-002	0.000000e+000	0.000000e+000	0.000000e+000	-1.398888e-005	1.398888e-005
-1.551724e-002	-5.000000e-002	0.000000e+000	0.000000e+000	0.000000e+000	-1.398144e-005	1.398144e-005
-1.551724e-002	-4.655172e-002	0.000000e+000	0.000000e+000	0.000000e+000	-1.371116e-005	1.371116e-005
-1.551724e-002	-4.310345e-002	0.000000e+000	0.000000e+000	0.000000e+000	-1.308496e-005	1.308496e-005
-1.551724e-002	-3.965517e-002	0.000000e+000	0.000000e+000	0.000000e+000	-1.215289e-005	1.215289e-005
-1.551724e-002	-3.620690e-002	0.000000e+000	0.000000e+000	0.000000e+000	-1.098611e-005	1.098611e-005
-1.551724e-002	-3.275862e-002	0.000000e+000	0.000000e+000	0.000000e+000	-9.667246e-006	9.667246e-006
-1.551724e-002	-2.931034e-002	0.000000e+000	0.000000e+000	0.000000e+000	-8.280488e-006	8.280488e-006
-1.551724e-002	-2.586207e-002	0.000000e+000	0.000000e+000	0.000000e+000	-6.903339e-006	6.903339e-006
-1.551724e-002	-2.241379e-002	0.000000e+000	0.000000e+000	0.000000e+000	-5.601113e-006	5.601113e-006
-1.551724e-002	-1.896552e-002	0.000000e+000	0.000000e+000	0.000000e+000	-4.424490e-006	4.424490e-006
-1.551724e-002	-1.551724e-002	0.000000e+000	0.000000e+000	0.000000e+000	-3.409692e-006	3.409692e-006
-1.551724e-002	-1.206897e-002	0.000000e+000	0.000000e+000	0.000000e+000	-2.580457e-006	2.580457e-006
-1.551724e-002	-8.620690e-003	0.000000e+000	0.000000e+000	0.000000e+000	-1.950896e-006	1.950896e-006
-1.551724e-002	-5.172414e-003	0.000000e+000	0.000000e+000	0.000000e+000	-1.528490e-006	1.528490e-006
-1.551724e-002	-1.724138e-003	0.000000e+000	0.000000e+000	0.000000e+000	-1.316669e-006	1.316669e-006
-1.551724e-002	1.724138e-003	0.000000e+000	0.000000e+000	0.000000e+000	-1.316669e-006	1.316669e-006
-1.551724e-002	5.172414e-003	0.000000e+000	0.000000e+000	0.000000e+000	-1.528490e-006	1.528490e-006
-1.551724e-002	8.620690e-003	0.000000e+000	0.000000e+000	0.000000e+000	-1.950896e-006	1.950896e-006
-1.551724e-002	1.206897e-002	0.000000e+000	0.000000e+000	0.000000e+000	-2.580457e-006	2.580457e-006
-1.551724e-002	1.551724e-002	0.000000e+000	0.000000e+000	0.000000e+000	-3.409692e-006	3.409692e-006
-1.551724e-002	1.896552e-002	0.000000e+000	0.000000e+000	0.000000e+000	-4.424490e-006	4.424490e-006
-1.551724e-002	2.241379e-002	0.000000e+000	0.000000e+000	0.000000e+000	-5.601113e-006	5.601113e-006
-1.551724e-002	2.586207e-002	0.000000e+000	0.000000e+000	0.000000e+000	-6.903339e-006	6.903339e-006
-1.551724e-002	2.931034e-002	0.000000e+000	0.000000e+000	0.000000e+000	-8.280488e-006	8.280488e-006
-1.551724e-002	3.275862e-002	0.000000e+000	0.000000e+000	0.000000e+000	-9.667246e-006	9.667246e-006
-1.551724e-002	3.620690e-002	0.000000e+000	0.000000e+000	0.000000e+000	-1.098611e-005	1.098611e-005
-1.551724e-002	3.965517e-002	0.000000e+000	0.000000e+000	0.000000e+000	-1.215289e-005	1.215289e-005
-1.551724e-002	4.310345e-002	0.000000e+000	0.000000e+000	0.000000e+000	-1.308496e-005	1.308496e-005
-1.551724e-002	4.655172e-002	0.000000e+000	0.000000e+000	0.000000e+000	-1.371116e-005	1.371116e-005
-1.551724e-002	5.000000e-002	0.000000e+000	0.000000e+000	0.000000e+000	-1.398144e-005	1.398144e-005
-1.206897e-002	-5.000000e-002	0.000000e+000	0.000000e+000	0.000000e+000	-1.397549e-005	1.397549e-005
-1.206897e-002	-4.655172e-002	0.000000e+000	0.000000e+000	0.000000e+000	-1.370513e-005	1.370513e-005
-1.206897e-002	-4.310345e-002	0.000000e+000	0.000000e+000	0.000000e+000	-1.307886e-005	1.307886e-005
-1.206897e-002	-3.965517e-002	0.000000e+000	0.000000e+000	0.000000e+000	-1.214671e-005	1.214671e-005
-1.206897e-002	-3.620690e-002	0.000000e+000	0.000000e+000	0.000000e+000	-1.097986e-005	1.097986e-005
-1.206897e-002	-3.275862e-002	0.000000e+000	0.000000e+000	0.000000e+000	-9.660928e-006	9.660928e-006
-1.206897e-002	-2.931034e-002	0.000000e+000	0.000000e+000	0.000000e+000	-8.274108e-006	8.274108e-006
-1.206897e-002	-2.586207e-002	0.000000e+000	0.000000e+000	0.000000e+000	-6.896903e-006	6.896903e-006
-1.206897e-002	-2.241379e-002	0.000000e+000	0.000000e+000	0.000000e+000	-5.594626e-006	5.594626e-006
-1.206897e-002	-1.896552e-002	0.000000e+000	0.000000e+000	0.000000e+000	-4.417958e-006	4.417958e-006
-1.206897e-002	-1.551724e-002	0.000000e+000	0.000000e+000	0.000000e+000	-3.403122e-006	3.403122e-006
-1.206897e-002	-1.206897e-002	0.000000e+000	0.000000e+000	0.000000e+000	-2.573857e-006	2.573857e-006
-1.206897e-002	-8.620690e-003	0.000000e+000	0.000000e+000	0.000000e+000	-1.944273e-006	1.944273e-006
-1.206897e-002	-5.172414e-003	0.000000e+000	0.000000e+000	0.000000e+000	-1.521852e-006	1.521852e-006
-1.206897e-002	-1.724138e-003	0.000000e+000	0.000000e+000	0.000000e+000	-1.310023e-006	1.310023e-006
-1.206897e-002	1.724138e-003	0.000000e+000	0.000000e+000	0.000000e+000	-1.310023e-006	1.310023e-006
-1.206897e-002	5.172414e-003	0.000000e+000	0.000000e+000	0.000000e+000	-1.521852e-006	1.521852e-006
-1.206897e-002	8.620690e-003	0.000000e+000	0.000000e+000	0.000000e+000	-1.944273e-006	1.944273e-006
-1.206897e-002	1.206897e-002	0.000000e+000	0.000000e+000	0.000000e+000	-2.573857e-006	2.573857e-006
-1.206897e-002	1.551724e-002	0.000000e+000	0.000000e+000	0.000000e+000	-3.403122e-006	3.403122e-006
-1.206897e-002	1.896552e-002	0.000000e+000	0.000000e+000	0.000000e+000	-4.417958e-006	4.417958e-006
-1.206897e-002	2.241379e-002	0.000000e+000	0.000000e+000	0.000000e+000	-5.594626e-006	5.594626e-006
-1.206897e-002	2.586207e-002	0.000000e+000	0.000000e+000	0.000000e+000	-6.896903e-006	6.896903e-006
-1.206897e-002	2.931034e-002	0.000000e+000	0.000000e+000	0.000000e+000	-8.274108e-006	8.274108e-006
-1.206897e-002	3.275862e-002	0.000000e+000	0.000000e+000	0.000000e+000	-9.660928e-006	9.660928e-006
-1.206897e-002	3.620690e-002	0.000000e+000	0.000000e+000	0.000000e+000	-1.097986e-005	1.097986e-005
-1.206897e-002	3.965517e-002	0.000000e+000	0.000000e+000	0.000000e+000	-1.214671e-005	1.214671e-005
-1.206897e-002	4.310345e-002	0.000000e+000	0.000000e+000	0.000000e+000	-1.307886e-005	1.307886e-005
-1.206897e-002	4.655172e-002	0.000000e+000	0.000000e+000	0.000000e+000	-1.370513e-005	1.370513e-005
-1.206897e-002	5.000000e-002	0.000000e+000	0.000000e+000	0.000000e+000	-1.397549e-005	1.397549e-005
-8.620690e-003	-5.000000e-002	0.000000e+000	0.000000e+000	0.000000e+000	-1.397104e-005	1.397104e-005
-8.620690e-003	-4.655172e-002	0.000000e+000	0.000000e+000	0.000000e+000	-1.370062e-005	1.370062e-005
-8.620690e-003	-4.310345e-002	0.000000e+000	0.000000e+000	0.000000e+000	-1.307429e-005	1.307429e-005
-8.620690e-003	-3.965517e-002	0.000000e+000	0.000000e+000	0.000000e+000	-1.214209e-005	1.214209e-005
-8.620690e-003	-3.620690e-002	0.000000e+000	0.000000e+000	0.000000e+000	-1.097519e-005	1.097519e-005
-8.620690e-003	-3.275862e-002	0.000000e+000	0.000000e+000	0.000000e+000	-9.656203e-006	9.656203e-006
-8.620690e-003	-2.931034e-002	0.000000e+000	0.000000e+000	0.000000e+000	-8.269338e-006	8.269338e-006
-8.620690e-003	-2.586207e-002	0.000000e+000	0.000000e+000	0.000000e+000	-6.892092e-006	6.892092e-006
-8.620690e-003	-2.241379e-002	0.000000e+000	0.000000e+000	0.000000e+000	-5.589779e-006	5.589779e-006
-8.620690e-003	-1.896552e-002	0.000000e+000	0.000000e+000	0.000000e+000	-4.413079e-006	4.413079e-006
-8.620690e-003	-1.551724e-002	0.000000e+000	0.000000e+000	0.000000e+000	-3.398216e-006	3.398216e-006
-8.620690e-003	-1.206897e-002	0.000000e+000	0.000000e+000	0.000000e+000	-2.568929e-006	2.568929e-006
-8.620690e-003	-8.620690e-003	0.000000e+000	0.000000e+000	0.000000e+000	-1.939329e-006	1.939329e-006
-8.620690e-003	-5.172414e-003	0.000000e+000	0.000000e+000	0.000000e+000	-1.516896e-006	1.516896e-006
-8.620690e-003	-1.724138e-003	0.000000e+000	0.000000e+000	0.000000e+000	-1.305062e-006	1.305062e-006
-8.620690e-003	1.724138e-003	0.000000e+000	0.000000e+000	0.000000e+000	-1.305062e-006	1.305062e-006
-8.620690e-003	5.172414e-003	0.000000e+000	0.000000e+000	0.000000e+000	-1.516896e-006	1.516896e-006
-8.620690e-003	8.620690e-003	0.000000e+000	0.000000e+000	0.000000e+000	-1.939329e-006	1.939329e-006
-8.620690e-003	1.206897e-002	0.000000e+000	0.000000e+000	0.000000e+000	-2.568929e-006	2.568929e-006
-8.620690e-003	1.551724e-002	0.000000e+000	0.000000e+000	0.000000e+000	-3.398216e-006	3.398216e-006
-8.620690e-003	1.896552e-002	0.000000e+000	0.000000e+000	0.000000e+000	-4.413079e-006	4.413079e-006
-8.620690e-003	2.241379e-002	0.000000e+000	0.000000e+000	0.000000e+000	-5.589779e-006	5.589779e-006
-8.620690e-003	2.586207e-002	0.000000e+000	0.000000e+000	0.000000e+000	-6.892092e-006	6.892092e-006
-8.620690e-003	2.931034e-002	0.000000e+000	0.000000e+000	0.000000e+000	-8.269338e-006	8.269338e-006
-8.620690e-003	3.275862e-002	0.000000e+000	0.000000e+000	0.000000e+000	-9.656203e-006	9.656203e-006
-8.620690e-003	3.620690e-002	0.000000e+000	0.000000e+000	0.000000e+000	-1.097519e-005	1.097519e-005
-8.620690e-003	3.965517e-002	0.000000e+000	0.000000e+000	0.000000e+000	-1.214209e-005	1.214209e-005
-8.620690e-003	4.310345e-002	0.000000e+000	0.000000e+000	0.000000e+000	-1.307429e-005	1.307429e-005
-8.620690e-003	4.655172e-002	0.000000e+000	0.000000e+000	0.000000e+000	-1.370062e-005	1.370062e-005
-8.620690e-003	5.000000e-002	0.000000e+000	0.000000e+000	0.000000e+000	-1.397104e-005	1.397104e-005
-5.172414e-003	-5.000000e-002	0.000000e+000	0.000000e+000	0.000000e+000	-1.396808e-005	1.396808e-005
-5.172414e-003	-4.655172e-002	0.000000e+000	0.000000e+000	0.000000e+000	-1.369762e-005	1.369762e-005
-5.172414e-003	-4.310345e-002	0.000000e+000	0.000000e+000	0.000000e+000	-1.307124e-005	1.307124e-005
-5.172414e-003	-3.965517e-002	0.000000e+000	0.000000e+000	0.000000e+000	-1.213901e-005	1.213901e-005
-5.172414e-003	-3.620690e-002	0.000000e+000	0.000000e+000	0.000000e+000	-1.097207e-005	1.097207e-005
-5.172414e-003	-3.275862e-002	0.000000e+000	0.000000e+000	0.000000e+000	-9.653060e-006	9.653060e-006
-5.172414e-003	-2.931034e-002	0.000000e+000	0.000000e+000	0.000000e+000	-8.266165e-006	8.266165e-006
-5.172414e-003	-2.586207e-002	0.000000e+000	0.000000e+000	0.000000e+000	-6.888893e-006	6.888893e-006
-5.172414e-003	-2.241379e-002	0.000000e+000	0.000000e+000	0.000000e+000	-5.586556e-006	5.586556e-006
-5.172414e-003	-1.896552e-002	0.000000e+000	0.000000e+000	0.000000e+000	-4.409835e-006	4.409835e-006
-5.172414e-003	-1.551724e-002	0.000000e+000	0.000000e+000	0.000000e+000	-3.394955e-006	3.394955e-006
-5.172414e-003	-1.206897e-002	0.000000e+000	0.000000e+000	0.000000e+000	-2.565654e-006	2.565654e-006
-5.172414e-003	-8.620690e-003	0.000000e+000	0.000000e+000	0.000000e+000	-1.936043e-006	1.936043e-006
-5.172414e-003	-5.172414e-003	0.000000e+000	0.000000e+000	0.000000e+000	-1.513603e-006	1.513603e-006
-5.172414e-003	-1.724138e-003	0.000000e+000	0.000000e+000	0.000000e+000	-1.301765e-006	1.301765e-006
-5.172414e-003	1.724138e-003	0.000000e+000	0.000000e+000	0.000000e+000	-1.301765e-006	1.301765e-006
-5.172414e-003	5.172414e-003	0.000000e+000	0.000000e+000	0.000000e+000	-1.513603e-006	1.513603e-006
-5.172414e-003	8.620690e-003	0.000000e+000	0.000000e+000	0.000000e+000	-1.936043e-006	1.936043e-006
-5.172414e-003	1.206897e-002	0.000000e+000	0.000000e+000	0.000000e+000	-2.565654e-006	2.565654e-006
-5.172414e-003	1.551724e-002	0.000000e+000	0.000000e+000	0.000000e+000	-3.394955e-006	3.394955e-006
-5.172414e-003	1.896552e-002	0.000000e+000	0.000000e+000	0.000000e+000	-4.409835e-006	4.409835e-006
-5.172414e-003	2.241379e-002	0.000000e+000	0.000000e+000	0.000000e+000	-5.586556e-006	5.586556e-006
-5.172414e-003	2.586207e-002	0.000000e+000	0.000000e+000	0.000000e+000	-6.888893e-006	6.888893e-006
-5.172414e-003	2.931034e-002	0.000000e+000	0.000000e+000	0.000000e+000	-8.266165e-006	8.266165e-006
-5.172414e-003	3.275862e-002	0.000000e+000	0.000000e+000	0.000000e+000	-9.653060e-006	9.653060e-006
-5.172414e-003	3.620690e-002	0.000000e+000	0.000000e+000	0.000000e+000	-1.097207e-005	1.097207e-005
-5.172414e-003	3.965517e-002	0.000000e+000	0.000000e+000	0.000000e+000	-1.213901e-005	1.213901e-005
-5.172414e-003	4.310345e-002	0.000000e+000	0.000000e+000	0.000000e+000	-1.307124e-005	1.307124e-005
-5.172414e-003	4.655172e-002	0.000000e+000	0.000000e+000	0.000000e+000	-1.369762e-005	1.369762e-005
-5.172414e-003	5.000000e-002	0.000000e+000	0.000000e+000	0.000000e+000	-1.396808e-005	1.396808e-005
-1.724138e-003	-5.000000e-002	0.000000e+000	0.000000e+000	0.000000e+000	-1.396660e-005	1.396660e-005
-1.724138e-003	-4.655172e-002	0.000000e+000	0.000000e+000	0.000000e+000	-1.369612e-005	1.369612e-005
-1.724138e-003	-4.310345e-002	0.000000e+000	0.000000e+000	0.000000e+000	-1.306972e-005	1.306972e-005
-1.724138e-003	-3.965517e-002	0.000000e+000	0.000000e+000	0.000000e+000	-1.213747e-005	1.213747e-005
-1.724138e-003	-3.620690e-002	0.000000e+000	0.000000e+000	0.000000e+000	-1.097052e-005	1.097052e-005
-1.724138e-003	-3.275862e-002	0.000000e+000	0.000000e+000	0.000000e+000	-9.651490e-006	9.651490e-006
-1.724138e-003	-2.931034e-002	0.000000e+000	0.000000e+000	0.000000e+000	-8.264581e-006	8.264581e-006
-1.724138e-003	-2.586207e-002	0.000000e+000	0.000000e+000	0.000000e+000	-6.887296e-006	6.887296e-006
-1.724138e-003	-2.241379e-002	0.000000e+000	0.000000e+000	0.000000e+000	-5.584947e-006	5.584947e-006
-1.724138e-003	-1.896552e-002	0.000000e+000	0.000000e+000	0.000000e+000	-4.408216e-006	4.408216e-006
-1.724138e-003	-1.551724e-002	0.000000e+000	0.000000e+000	0.000000e+000	-3.393328e-006	3.393328e-006
-1.724138e-003	-1.206897e-002	0.000000e+000	0.000000e+000	0.000000e+000	-2.564019e-006	2.564019e-006
-1.724138e-003	-8.620690e-003	0.000000e+000	0.000000e+000	0.000000e+000	-1.934403e-006	1.934403e-006
-1.724138e-003	-5.172414e-003	0.000000e+000	0.000000e+000	0.000000e+000	-1.511960e-006	1.511960e-006
-1.724138e-003	-1.724138e-003	0.000000e+000	0.000000e+000	0.000000e+000	-1.300120e-006	1.300120e-006
-1.724138e-003	1.724138e-003	0.000000e+000	0.000000e+000	0.000000e+000	-1.300120e-006	1.300120e-006
-1.724138e-003	5.172414e-003	0.000000e+000	0.000000e+000	0.000000e+000	-1.511960e-006	1.511960e-006
-1.724138e-003	8.620690e-003	0.000000e+000	0.000000e+000	0.000000e+000	-1.934403e-006	1.934403e-006
-1.724138e-003	1.206897e-002	0.000000e+000	0.000000e+000	0.000000e+000	-2.564019e-006	2.564019e-006
-1.724138e-003	1.551724e-002	0.000000e+000	0.000000e+000	0.000000e+000	-3.393328e-006	3.393328e-006
-1.724138e-003	1.896552e-002	0.000000e+000	0.000000e+000	0.000000e+000	-4.408216e-006	4.408216e-006
-1.724138e-003	2.241379e-002	0.000000e+000	0.000000e+000	0.000000e+000	-5.584947e-006	5.584947e-006
-1.724138e-003	2.586207e-002	0.000000e+000	0.000000e+000	0.000000e+000	-6.887296e-006	6.887296e-006
-1.724138e-003	2.931034e-002	0.000000e+000	0.000000e+000	0.000000e+000	-8.264581e-006	8.264581e-006
-1.724138e-003	3.275862e-002	0.000000e+000	0.000000e+000	0.000000e+000	-9.651490e-006	9.651490e-006
-1.724138e-003	3.620690e-002	0.000000e+000	0.000000e+000	0.000000e+000	-1.097052e-005	1.097052e-005
-1.724138e-003	3.965517e-002	0.000000e+000	0.000000e+000	0.000000e+000	-1.213747e-005	1.213747e-005
-1.724138e-003	4.310345e-002	0.000000e+000	0.000000e+000	0.000000e+000	-1.306972e-005	1.306972e-005
-1.724138e-003	4.655172e-002	0.000000e+000	0.000000e+000	0.000000e+000	-1.369612e-005	1.369612e-005
-1.724138e-003	5.000000e-002	0.000000e+000	0.000000e+000	0.000000e+000	-1.396660e-005	1.396660e-005
1.724138e-003	-5.000000e-002	0.000000e+000	0.000000e+000	0.000000e+000	-1.396660e-005	1.396660e-005
1.724138e-003	-4.655172e-002	0.000000e+000	0.000000e+000	0.000000e+000	-1.369612e-005	1.369612e-005
1.724138e-003	-4.310345e-002	0.000000e+000	0.000000e+000	0.000000e+000	-1.306972e-005	1.306972e-005
1.724138e-003	-3.965517e-002	0.000000e+000	0.000000e+000	0.000000e+000	-1.213747e-005	1.213747e-005
1.724138e-003	-3.620690e-002	0.000000e+000	0.000000e+000	0.000000e+000	-1.097052e-005	1.097052e-005
1.724138e-003	-3.275862e-002	0.000000e+000	0.000000e+000	0.000000e+000	-9.651490e-006	9.651490e-006
1.724138e-003	-2.931034e-002	0.000000e+000	0.000000e+000	0.000000e+000	-8.264581e-006	8.264581e-006
1.724138e-003	-2.586207e-002	0.000000e+000	0.000000e+000	0.000000e+000	-6.887296e-006	6.887296e-006
1.724138e-003	-2.241379e-002	0.000000e+000	0.000000e+000	0.000000e+000	-5.584947e-006	5.584947e-006
1.724138e-003	-1.896552e-002	0.000000e+000	0.000000e+000	0.000000e+000	-4.408216e-006	4.408216e-006
1.724138e-003	-1.551724e-002	0.000000e+000	0.000000e+000	0.000000e+000	-3.393328e-006	3.393328e-006
1.724138e-003	-1.206897e-002	0.000000e+000	0.000000e+000	0.000000e+000	-2.564019e-006	2.564019e-006
1.724138e-003	-8.620690e-003	0.000000e+000	0.000000e+000	0.000000e+000	-1.934403e-006	1.934403e-006
1.724138e-003	-5.172414e-003	0.000000e+000	0.000000e+000	0.000000e+000	-1.511960e-006	1.511960e-006
1.724138e-003	-1.724138e-003	0.000000e+000	0.000000e+000	0.000000e+000	-1.300120e-006	1.300120e-006
1.724138e-003	1.724138e-003	0.000000e+000	0.000000e+000	0.000000e+000	-1.300120e-006	1.300120e-006
1.724138e-003	5.172414e-003	0.000000e+000	0.000000e+000	0.000000e+000	-1.511960e-006	1.511960e-006
1.724138e-003	8.620690e-003	0.000000e+000	0.000000e+000	0.000000e+000	-1.934403e-006	1.934403e-006
1.724138e-003	1.206897e-002	0.000000e+000	0.000000e+000	0.000000e+000	-2.564019e-006	2.564019e-006
1.724138e-003	1.551724e-002	0.000000e+000	0.000000e+000	0.000000e+000	-3.393328e-006	3.393328e-006
1.724138e-003	1.896552e-002	0.000000e+000	0.000000e+000	0.000000e+000	-4.408216e-006	4.408216e-006
1.724138e-003	2.241379e-002	0.000000e+000	0.000000e+000	0.000000e+000	-5.584947e-006	5.584947e-006
1.724138e-003	2.586207e-002	0.000000e+000	0.000000e+000	0.000000e+000	-6.887296e-006	6.887296e-006
1.724138e-003	2.931034e-002	0.000000e+000	0.000000e+000	0.000000e+000	-8.264581e-006	8.264581e-006
1.724138e-003	3.275862e-002	0.000000e+000	0.000000e+000	0.000000e+000	-9.651490e-006	9.651490e-006
1.724138e-003	3.620690e-002	0.000000e+000	0.000000e+000	0.000000e+000	-1.097052e-005	1.097052e-005
1.724138e-003	3.965517e-002	0.000000e+000	0.000000e+000	0.000000e+000	-1.213747e-005	1.213747e-005
1.724138e-003	4.310345e-002	0.000000e+000	0.000000e+000	0.000000e+000	-1.306972e-005	1.306972e-005
1.724138e-003	4.655172e-002	0.000000e+000	0.000000e+000	0.000000e+000	-1.369612e-005	1.369612e-005
1.724138e-003	5.000000e-002	0.000000e+000	0.000000e+000	0.000000e+000	-1.396660e-005	1.396660e-005
5.172414e-003	-5.000000e-002	0.000000e+000	0.000000e+000	0.000000e+000	-1.396808e-005	1.396808e-005
5.172414e-003	-4.655172e-002	0.000000e+000	0.000000e+000	0.000000e+000	-1.369762e-005	1.369762e-005
5.172414e-003	-4.310345e-002	0.000000e+000	0.000000e+000	0.000000e+000	-1.307124e-005	1.307124e-005
5.172414e-003	-3.965517e-002	0.000000e+000	0.000000e+000	0.000000e+000	-1.213901e-005	1.213901e-005
5.172414e-003	-3.620690e-002	0.000000e+000	0.000000e+000	0.000000e+000	-1.097207e-005	1.097207e-005
5.172414e-003	-3.275862e-002	0.000000e+000	0.000000e+000	0.000000e+000	-9.653060e-006	9.653060e-006
5.172414e-003	-2.931034e-002	0.000000e+000	0.000000e+000	0.000000e+000	-8.266165e-006	8.266165e-006
5.172414e-003	-2.586207e-002	0.000000e+000	0.000000e+000	0.000000e+000	-6.888893e-006	6.888893e-006
5.172414e-003	-2.241379e-002	0.000000e+000	0.000000e+000	0.000000e+000	-5.586556e-006	5.586556e-006
5.172414e-003	-1.896552e-002	0.000000e+000	0.000000e+000	0.000000e+000	-4.409835e-006	4.409835e-006
5.172414e-003	-1.551724e-002	0.000000e+000	0.000000e+000	0.000000e+000	-3.394955e-006	3.394955e-006
5.172414e-003	-1.206897e-002	0.000000e+000	0.000000e+000	0.000000e+000	-2.565654e-006	2.565654e-006
5.172414e-003	-8.620690e-003	0.000000e+000	0.000000e+000	0.000000e+000	-1.936043e-006	1.936043e-006
5.172414e-003	-5.172414e-003	0.000000e+000	0.000000e+000	0.000000e+000	-1.513603e-006	1.513603e-006
5.172414e-003	-1.724138e-003	0.000000e+000	0.000000e+000	0.000000e+000	-1.301765e-006	1.301765e-006
5.172414e-003	1.724138e-003	0.000000e+000	0.000000e+000	0.000000e+000	-1.301765e-006	1.301765e-006
5.172414e-003	5.172414e-003	0.000000e+000	0.000000e+000	0.000000e+000	-1.513603e-006	1.513603e-006
5.172414e-003	8.620690e-003	0.000000e+000	0.000000e+000	0.000000e+000	-1.936043e-006	1.936043e-006
5.172414e-003	1.206897e-002	0.000000e+000	0.000000e+000	0.000000e+000	-2.565654e-006	2.565654e-006
5.172414e-003	1.551724e-002	0.000000e+000	0.000000e+000	0.000000e+000	-3.394955e-006	3.394955e-006
5.172414e-003	1.896552e-002	0.000000e+000	0.000000e+000	0.000000e+000	-4.409835e-006	4.409835e-006
5.172414e-003	2.241379e-002	0.000000e+000	0.000000e+000	0.000000e+000	-5.586556e-006	5.586556e-006
5.172414e-003	2.586207e-002	0.000000e+000	0.000000e+000	0.000000e+000	-6.888893e-006	6.888893e-006
5.172414e-003	2.931034e-002	0.000000e+000	0.000000e+000	0.000000e+000	-8.266165e-006	8.266165e-006
5.172414e-003	3.275862e-002	0.000000e+000	0.000000e+000	0.000000e+000	-9.653060e-006	9.653060e-006
5.172414e-003	3.620690e-002	0.000000e+000	0.000000e+000	0.000000e+000	-1.097207e-005	1.097207e-005
5.172414e-003	3.965517e-002	0.000000e+000	0.000000e+000	0.000000e+000	-1.213901e-005	1.213901e-005
5.172414e-003	4.310345e-002	0.000000e+000	0.000000e+000	0.000000e+000	-1.307124e-005	1.307124e-005
5.172414e-003	4.655172e-002	0.000000e+000	0.000000e+000	0.000000e+000	-1.369762e-005	1.369762e-005
5.172414e-003	5.000000e-002	0.000000e+000	0.000000e+000	0.000000e+000	-1.396808e-005	1.396808e-005
8.620690e-003	-5.000000e-002	0.000000e+000	0.000000e+000	0.000000e+000	-1.397104e-005	1.397104e-005
8.620690e-003	-4.655172e-002	0.000000e+000	0.000000e+000	0.000000e+000	-1.370062e-005	1.370062e-005
8.620690e-003	-4.310345e-002	0.000000e+000	0.000000e+000	0.000000e+000	-1.307429e-005	1.307429e-005
8.620690e-003	-3.965517e-002	0.000000e+000	0.000000e+000	0.000000e+000	-1.214209e-005	1.214209e-005
8.620690e-003	-3.620690e-002	0.000000e+000	0.000000e+000	0.000000e+000	-1.097519e-005	1.097519e-005
8.620690e-003	-3.275862e-002	0.000000e+000	0.000000e+000	0.000000e+000	-9.656203e-006	9.656203e-006
8.620690e-003	-2.931034e-002	0.000000e+000	0.000000e+000	0.000000e+000	-8.269338e-006	8.269338e-006
8.620690e-003	-2.586207e-002	0.000000e+000	0.000000e+000	0.000000e+000	-6.892092e-006	6.892092e-006
8.620690e-003	-2.241379e-002	0.000000e+000	0.000000e+000	0.000000e+000	-5.589779e-006	5.589779e-006
8.620690e-003	-1.896552e-002	0.000000e+000	0.000000e+000	0.000000e+000	-4.413079e-006	4.413079e-006
8.620690e-003	-1.551724e-002	0.000000e+000	0.000000e+000	0.000000e+000	-3.398216e-006	3.398216e-006
8.620690e-003	-1.206897e-002	0.000000e+000	0.000000e+000	0.000000e+000	-2.568929e-006	2.568929e-006
8.620690e-003	-8.620690e-003	0.000000e+000	0.000000e+000	0.000000e+000	-1.939329e-006	1.939329e-006
8.620690e-003	-5.172414e-003	0.000000e+000	0.000000e+000	0.000000e+000	-1.516896e-006	1.516896e-006
8.620690e-003	-1.724138e-003	0.000000e+000	0.000000e+000	0.000000e+000	-1.305062e-006	1.305062e-006
8.620690e-003	1.724138e-003	0.000000e+000	0.000000e+000	0.000000e+000	-1.305062e-006	1.305062e-006
8.620690e-003	5.172414e-003	0.000000e+000	0.000000e+000	0.000000e+000	-1.516896e-006	1.516896e-006
8.620690e-003	8.620690e-003	0.000000e+000	0.000000e+000	0.000000e+000	-1.939329e-006	1.939329e-006
8.620690e-003	1.206897e-002	0.000000e+000	0.000000e+000	0.000000e+000	-2.568929e-006	2.568929e-006
8.620690e-003	1.551724e-002	0.000000e+000	0.000000e+000	0.000000e+000	-3.398216e-006	3.398216e-006
8.620690e-003	1.896552e-002	0.000000e+000	0.000000e+000	0.000000e+000	-4.413079e-006	4.413079e-006
8.620690e-003	2.241379e-002	0.000000e+000	0.000000e+000	0.000000e+000	-5.589779e-006	5.589779e-006
8.620690e-003	2.586207e-002	0.000000e+000	0.000000e+000	0.000000e+000	-6.892092e-006	6.892092e-006
8.620690e-003	2.931034e-002	0.000000e+000	0.000000e+000	0.000000e+000	-8.269338e-006	8.269338e-006
8.620690e-003	3.275862e-002	0.000000e+000	0.000000e+000	0.000000e+000	-9.656203e-006	9.656203e-006
8.620690e-003	3.620690e-002	0.000000e+000	0.000000e+000	0.000000e+000	-1.097519e-005	1.097519e-005
8.620690e-003	3.965517e-002	0.000000e+000	0.000000e+000	0.000000e+000	-1.214209e-005	1.214209e-005
8.620690e-003	4.310345e-002	0.000000e+000	0.000000e+000	0.000000e+000	-1.307429e-005	1.307429e-005
8.620690e-003	4.655172e-002	0.000000e+000	0.000000e+000	0.000000e+000	-1.370062e-005	1.370062e-005
8.620690e-003	5.000000e-002	0.000000e+000	0.000000e+000	0.000000e+000	-1.397104e-005	1.397104e-005
1.206897e-002	-5.000000e-002	0.000000e+000	0.000000e+000	0.000000e+000	-1.397549e-005	1.397549e-005
1.206897e-002	-4.655172e-002	0.000000e+000	0.000000e+000	0.000000e+000	-1.370513e-005	1.370513e-005
1.206897e-002	-4.310345e-002	0.000000e+000	0.000000e+000	0.000000e+000	-1.307886e-005	1.307886e-005
1.206897e-002	-3.965517e-002	0.000000e+000	0.000000e+000	0.000000e+000	-1.214671e-005	1.214671e-005
1.206897e-002	-3.620690e-002	0.000000e+000	0.000000e+000	0.000000e+000	-1.097986e-005	1.097986e-005
1.206897e-002	-3.275862e-002	0.000000e+000	0.000000e+000	0.000000e+000	-9.660928e-006	9.660928e-006
1.206897e-002	-2.931034e-002	0.000000e+000	0.000000e+000	0.000000e+000	-8.274108e-006	8.274108e-006
1.206897e-002	-2.586207e-002	0.000000e+000	0.000000e+000	0.000000e+000	-6.896903e-006	6.896903e-006
1.206897e-002	-2.241379e-002	0.000000e+000	0.000000e+000	0.000000e+000	-5.594626e-006	5.594626e-006
1.206897e-002	-1.896552e-002	0.000000e+000	0.000000e+000	0.000000e+000	-4.417958e-006	4.417958e-006
1.206897e-002	-1.551724e-002	0.000000e+000	0.000000e+000	0.000000e+000	-3.403122e-006	3.403122e-006
1.206897e-002	-1.206897e-002	0.000000e+000	0.000000e+000	0.000000e+000	-2.573857e-006	2.573857e-006
1.206897e-002	-8.620690e-003	0.000000e+000	0.000000e+000	0.000000e+000	-1.944273e-006	1.944273e-006
1.206897e-002	-5.172414e-003	0.000000e+000	0.000000e+000	0.000000e+000	-1.521852e-006	1.521852e-006
1.206897e-002	-1.724138e-003	0.000000e+000	0.000000e+000	0.000000e+000	-1.310023e-006	1.310023e-006
1.206897e-002	1.724138e-003	0.000000e+000	0.000000e+000	0.000000e+000	-1.310023e-006	1.310023e-006
1.206897e-002	5.172414e-003	0.000000e+000	0.000000e+000	0.000000e+000	-1.521852e-006	1.521852e-006
1.206897e-002	8.620690e-003	0.000000e+000	0.000000e+000	0.000000e+000	-1.944273e-006	1.944273e-006
1.206897e-002	1.206897e-002	0.000000e+000	0.000000e+000	0.000000e+000	-2.573857e-006	2.573857e-006
1.206897e-002	1.551724e-002	0.000000e+000	0.000000e+000	0.000000e+000	-3.403122e-006	3.403122e-006
1.206897e-002	1.896552e-002	0.000000e+000	0.000000e+000	0.000000e+000	-4.417958e-006	4.417958e-006
1.206897e-002	2.241379e-002	0.000000e+000	0.000000e+000	0.000000e+000	-5.594626e-006	5.594626e-006
1.206897e-002	2.586207e-002	0.000000e+000	0.000000e+000	0.000000e+000	-6.896903e-006	6.896903e-006
1.206897e-002	2.931034e-002	0.000000e+000	0.000000e+000	0.000000e+000	-8.274108e-006	8.274108e-006
1.206897e-002	3.275862e-002	0.000000e+000	0.000000e+000	0.000000e+000	-9.660928e-006	9.660928e-006
1.206897e-002	3.620690e-002	0.000000e+000	0.000000e+000	0.000000e+000	-1.097986e-005	1.097986e-005
1.206897e-002	3.965517e-002	0.000000e+000	0.000000e+000	0.000000e+000	-1.214671e-005	1.214671e-005
1.206897e-002	4.310345e-002	0.000000e+000	0.000000e+000	0.000000e+000	-1.307886e-005	1.307886e-005
1.206897e-002	4.655172e-002	0.000000e+000	0.000000e+000	0.000000e+000	-1.370513e-005	1.370513e-005
1.206897e-002	5.000000e-002	0.000000e+000	0.000000e+000	0.000000e+000	-1.397549e-005	1.397549e-005
1.551724e-002	-5.000000e-002	0.000000e+000	0.000000e+000	0.000000e+000	-1.398144e-005	1.398144e-005
1.551724e-002	-4.655172e-002	0.000000e+000	0.000000e+000	0.000000e+000	-1.371116e-005	1.371116e-005
1.551724e-002	-4.310345e-002	0.000000e+000	0.000000e+000	0.000000e+000	-1.308496e-005	1.308496e-005
1.551724e-002	-3.965517e-002	0.000000e+000	0.000000e+000	0.000000e+000	-1.215289e-005	1.215289e-005
1.551724e-002	-3.620690e-002	0.000000e+000	0.000000e+000	0.000000e+000	-1.098611e-005	1.098611e-005
1.551724e-002	-3.275862e-002	0.000000e+000	0.000000e+000	0.000000e+000	-9.667246e-006	9.667246e-006
1.551724e-002	-2.931034e-002	0.000000e+000	0.000000e+000	0.000000e+000	-8.280488e-006	8.280488e-006
1.551724e-002	-2.586207e-002	0.000000e+000	0.000000e+000	0.000000e+000	-6.903339e-006	6.903339e-006
1.551724e-002	-2.241379e-002	0.000000e+000	0.000000e+000	0.000000e+000	-5.601113e-006	5.601113e-006
1.551724e-002	-1.896552e-002	0.000000e+000	0.000000e+000	0.000000e+000	-4.424490e-006	4.424490e-006
1.551724e-002	-1.551724e-002	0.000000e+000	0.000000e+000	0.000000e+000	-3.409692e-006	3.409692e-006
1.551724e-002	-1.206897e-002	0.000000e+000	0.000000e+000	0.000000e+000	-2.580457e-006	2.580457e-006
1.551724e-002	-8.620690e-003	0.000000e+000	0.000000e+000	0.000000e+000	-1.950896e-006	1.950896e-006
1.551724e-002	-5.172414e-003	0.000000e+000	0.000000e+000	0.000000e+000	-1.528490e-006	1.528490e-006
1.551724e-002	-1.724138e-003	0.000000e+000	0.000000e+000	0.000000e+000	-1.316669e-006	1.316669e-006
1.551724e-002	1.724138e-003	0.000000e+000	0.000000e+000	0.000000e+000	-1.316669e-006	1.316669e-006
1.551724e-002	5.172414e-003	0.000000e+000	0.000000e+000	0.000000e+000	-1.528490e-006	1.528490e-006
1.551724e-002	8.620690e-003	0.000000e+000	0.000000e+000	0.000000e+000	-1.950896e-006	1.950896e-006
1.551724e-002	1.206897e-002	0.000000e+000	0.000000e+000	0.000000e+000	-2.580457e-006	2.580457e-006
1.551724e-002	1.551724e-002	0.000000e+000	0.000000e+000	0.000000e+000	-3.409692e-006	3.409692e-006
1.551724e-002	1.896552e-002	0.000000e+000	0.000000e+000	0.000000e+000	-4.424490e-006	4.424490e-006
1.551724e-002	2.241379e-002	0.000000e+000	0.000000e+000	0.000000e+000	-5.601113e-006	5.601113e-006
1.551724e-002	2.586207e-002	0.000000e+000	0.000000e+000	0.000000e+000	-6.903339e-006	6.903339e-006
1.551724e-002	2.931034e-002	0.000000e+000	0.000000e+000	0.000000e+000	-8.280488e-006	8.280488e-006
1.551724e-002	3.275862e-002	0.000000e+000	0.000000e+000	0.000000e+000	-9.667246e-006	9.667246e-006
1.551724e-002	3.620690e-002	0.000000e+000	0.000000e+000	0.000000e+000	-1.098611e-005	1.098611e-005
1.551724e-002	3.965517e-002	0.000000e+000	0.000000e+000	0.000000e+000	-1.215289e-005	1.215289e-005
1.551724e-002	4.310345e-002	0.000000e+000	0.000000e+000	0.000000e+000	-1.308496e-005	1.308496e-005
1.551724e-002	4.655172e-002	0.000000e+000	0.000000e+000	0.000000e+000	-1.371116e-005	1.371116e-005
1.551724e-002	5.000000e-002	0.000000e+000	0.000000e+000	0.000000e+000	-1.398144e-005	1.398144e-005
1.896552e-002	-5.000000e-002	0.000000e+000	0.000000e+000	0.000000e+000	-1.398888e-005	1.398888e-005
1.896552e-002	-4.655172e-002	0.000000e+000	0.000000e+000	0.000000e+000	-1.371870e-005	1.371870e-005
1.896552e-002	-4.310345e-002	0.000000e+000	0.000000e+000	0.000000e+000	-1.309261e-005	1.309261e-005
1.896552e-002	-3.965517e-002	0.000000e+000	0.000000e+000	0.000000e+000	-1.216064e-005	1.216064e-005
1.896552e-002	-3.620690e-002	0.000000e+000	0.000000e+000	0.000000e+000	-1.099395e-005	1.099395e-005
1.896552e-002	-3.275862e-002	0.000000e+000	0.000000e+000	0.000000e+000	-9.675174e-006	9.675174e-006
1.896552e-002	-2.931034e-002	0.000000e+000	0.000000e+000	0.000000e+000	-8.288497e-006	8.288497e-006
1.896552e-002	-2.586207e-002	0.000000e+000	0.000000e+000	0.000000e+000	-6.911422e-006	6.911422e-006
1.896552e-002	-2.241379e-002	0.000000e+000	0.000000e+000	0.000000e+000	-5.609263e-006	5.609263e-006
1.896552e-002	-1.896552e-002	0.000000e+000	0.000000e+000	0.000000e+000	-4.432697e-006	4.432697e-006
1.896552e-002	-1.551724e-002	0.000000e+000	0.000000e+000	0.000000e+000	-3.417949e-006	3.417949e-006
1.896552e-002	-1.206897e-002	0.000000e+000	0.000000e+000	0.000000e+000	-2.588754e-006	2.588754e-006
1.896552e-002	-8.620690e-003	0.000000e+000	0.000000e+000	0.000000e+000	-1.959225e-006	1.959225e-006
1.896552e-002	-5.172414e-003	0.000000e+000	0.000000e+000	0.000000e+000	-1.536839e-006	1.536839e-006
1.896552e-002	-1.724138e-003	0.000000e+000	0.000000e+000	0.000000e+000	-1.325029e-006	1.325029e-006
1.896552e-002	1.724138e-003	0.000000e+000	0.000000e+000	0.000000e+000	-1.325029e-006	1.325029e-006
1.896552e-002	5.172414e-003	0.000000e+000	0.000000e+000	0.000000e+000	-1.536839e-006	1.536839e-006
1.896552e-002	8.620690e-003	0.000000e+000	0.000000e+000	0.000000e+000	-1.959225e-006	1.959225e-006
1.896552e-002	1.206897e-002	0.000000e+000	0.000000e+000	0.000000e+000	-2.588754e-006	2.588754e-006
1.896552e-002	1.551724e-002	0.000000e+000	0.000000e+000	0.000000e+000	-3.417949e-006	3.417949e-006
1.896552e-002	1.896552e-002	0.000000e+000	0.000000e+000	0.000000e+000	-4.432697e-006	4.432697e-006
1.896552e-002	2.241379e-002	0.000000e+000	0.000000e+000	0.000000e+000	-5.609263e-006	5.609263e-006
1.896552e-002	2.586207e-002	0.000000e+000	0.000000e+000	0.000000e+000	-6.911422e-006	6.911422e-006
1.896552e-002	2.931034e-002	0.000000e+000	0.000000e+000	0.000000e+000	-8.288497e-006	8.288497e-006
1.896552e-002	3.275862e-002	0.000000e+000	0.000000e+000	0.000000e+000	-9.675174e-006	9.675174e-006
1.896552e-002	3.620690e-002	0.000000e+000	0.000000e+000	0.000000e+000	-1.099395e-005	1.099395e-005
1.896552e-002	3.965517e-002	0.000000e+000	0.000000e+000	0.000000e+000	-1.216064e-005	1.216064e-005
1.896552e-002	4.310345e-002	0.000000e+000	0.000000e+000	0.000000e+000	-1.309261e-005	1.309261e-005
1.896552e-002	4.655172e-002	0.000000e+000	0.000000e+000	0.000000e+000	-1.371870e-005	1.371870e-005
1.896552e-002	5.000000e-002	0.000000e+000	0.000000e+000	0.000000e+000	-1.398888e-005	1.398888e-005
2.241379e-002	-5.000000e-002	0.000000e+000	0.000000e+000	0.000000e+000	-1.399782e-005	1.399782e-005
2.241379e-002	-4.655172e-002	0.000000e+000	0.000000e+000	0.000000e+000	-1.372778e-005	1.372778e-005
2.241379e-002	-4.310345e-002	0.000000e+000	0.000000e+000	0.000000e+000	-1.310181e-005	1.310181e-005
2.241379e-002	-3.965517e-002	0.000000e+000	0.000000e+000	0.000000e+000	-1.216997e-005	1.216997e-005
2.241379e-002	-3.620690e-002	0.000000e+000	0.000000e+000	0.000000e+000	-1.100340e-005	1.100340e-005
2.241379e-002	-3.275862e-002	0.000000e+000	0.000000e+000	0.000000e+000	-9.684731e-006	9.684731e-006
2.241379e-002	-2.931034e-002	0.000000e+000	0.000000e+000	0.000000e+000	-8.298157e-006	8.298157e-006
2.241379e-002	-2.586207e-002	0.000000e+000	0.000000e+000	0.000000e+000	-6.921177e-006	6.921177e-006
2.241379e-002	-2.241379e-002	0.000000e+000	0.000000e+000	0.000000e+000	-5.619102e-006	5.619102e-006
2.241379e-002	-1.896552e-002	0.000000e+000	0.000000e+000	0.000000e+000	-4.442612e-006	4.442612e-006
2.241379e-002	-1.551724e-002	0.000000e+000	0.000000e+000	0.000000e+000	-3.427927e-006	3.427927e-006
2.241379e-002	-1.206897e-002	0.000000e+000	0.000000e+000	0.000000e+000	-2.598784e-006	2.598784e-006
2.241379e-002	-8.620690e-003	0.000000e+000	0.000000e+000	0.000000e+000	-1.969294e-006	1.969294e-006
2.241379e-002	-5.172414e-003	0.000000e+000	0.000000e+000	0.000000e+000	-1.546935e-006	1.546935e-006
2.241379e-002	-1.724138e-003	0.000000e+000	0.000000e+000	0.000000e+000	-1.335137e-006	1.335137e-006
2.241379e-002	1.724138e-003	0.000000e+000	0.000000e+000	0.000000e+000	-1.335137e-006	1.335137e-006
2.241379e-002	5.172414e-003	0.000000e+000	0.000000e+000	0.000000e+000	-1.546935e-006	1.546935e-006
2.241379e-002	8.620690e-003	0.000000e+000	0.000000e+000	0.000000e+000	-1.969294e-006	1.969294e-006
2.241379e-002	1.206897e-002	0.000000e+000	0.000000e+000	0.000000e+000	-2.598784e-006	2.598784e-006
2.241379e-002	1.551724e-002	0.000000e+000	0.000000e+000	0.000000e+000	-3.427927e-006	3.427927e-006
2.241379e-002	1.896552e-002	0.000000e+000	0.000000e+000	0.000000e+000	-4.442612e-006	4.442612e-006
2.241379e-002	2.241379e-002	0.000000e+000	0.000000e+000	0.000000e+000	-5.619102e-006	5.619102e-006
2.241379e-002	2.586207e-002	0.000000e+000	0.000000e+000	0.000000e+000	-6.921177e-006	6.921177e-006
2.241379e-002	2.931034e-002	0.000000e+000	0.000000e+000	0.000000e+000	-8.298157e-006	8.298157e-006
2.241379e-002	3.275862e-002	0.000000e+000	0.000000e+000	0.000000e+000	-9.684731e-006	9.684731e-006
2.241379e-002	3.620690e-002	0.000000e+000	0.000000e+000	0.000000e+000	-1.100340e-005	1.100340e-005
2.241379e-002	3.965517e-002	0.000000e+000	0.000000e+000	0.000000e+000	-1.216997e-005	1.216997e-005
2.241379e-002	4.310345e-002	0.000000e+000	0.000000e+000	0.000000e+000	-1.310181e-005	1.310181e-005
2.241379e-002	4.655172e-002	0.000000e+000	0.000000e+000	0.000000e+000	-1.372778e-005	1.372778e-005
2.241379e-002	5.000000e-002	0.000000e+000	0.000000e+000	0.000000e+000	-1.399782e-005	1.399782e-005
2.586207e-002	-5.000000e-002	0.000000e+000	0.000000e+000	0.000000e+000	-1.400828e-005	1.400828e-005
2.586207e-002	-4.655172e-002	0.000000e+000	0.000000e+000	0.000000e+000	-1.373840e-005	1.373840e-005
2.586207e-002	-4.310345e-002	0.000000e+000	0.000000e+000	0.000000e+000	-1.311259e-005	1.311259e-005
2.586207e-002	-3.965517e-002	0.000000e+000	0.000000e+000	0.000000e+000	-1.218089e-005	1.218089e-005
2.586207e-002	-3.620690e-002	0.000000e+000	0.000000e+000	0.000000e+000	-1.101447e-005	1.101447e-005
2.586207e-002	-3.275862e-002	0.000000e+000	0.000000e+000	0.000000e+000	-9.695941e-006	9.695941e-006
2.586207e-002	-2.931034e-002	0.000000e+000	0.000000e+000	0.000000e+000	-8.309495e-006	8.309495e-006
2.586207e-002	-2.586207e-002	0.000000e+000	0.000000e+000	0.000000e+000	-6.932634e-006	6.932634e-006
2.586207e-002	-2.241379e-002	0.000000e+000	0.000000e+000	0.000000e+000	-5.630667e-006	5.630667e-006
2.586207e-002	-1.896552e-002	0.000000e+000	0.000000e+000	0.000000e+000	-4.454270e-006	4.454270e-006
2.586207e-002	-1.551724e-002	0.000000e+000	0.000000e+000	0.000000e+000	-3.439666e-006	3.439666e-006
2.586207e-002	-1.206897e-002	0.000000e+000	0.000000e+000	0.000000e+000	-2.610588e-006	2.610588e-006
2.586207e-002	-8.620690e-003	0.000000e+000	0.000000e+000	0.000000e+000	-1.981148e-006	1.981148e-006
2.586207e-002	-5.172414e-003	0.000000e+000	0.000000e+000	0.000000e+000	-1.558822e-006	1.558822e-006
2.586207e-002	-1.724138e-003	0.000000e+000	0.000000e+000	0.000000e+000	-1.347042e-006	1.347042e-006
2.586207e-002	1.724138e-003	0.000000e+000	0.000000e+000	0.000000e+000	-1.347042e-006	1.347042e-006
2.586207e-002	5.172414e-003	0.000000e+000	0.000000e+000	0.000000e+000	-1.558822e-006	1.558822e-006
2.586207e-002	8.620690e-003	0.000000e+000	0.000000e+000	0.000000e+000	-1.981148e-006	1.981148e-006
2.586207e-002	1.206897e-002	0.000000e+000	0.000000e+000	0.000000e+000	-2.610588e-006	2.610588e-006
2.586207e-002	1.551724e-002	0.000000e+000	0.000000e+000	0.000000e+000	-3.439666e-006	3.439666e-006
2.586207e-002	1.896552e-002	0.000000e+000	0.000000e+000	0.000000e+000	-4.454270e-006	4.454270e-006
2.586207e-002	2.241379e-002	0.000000e+000	0.000000e+000	0.000000e+000	-5.630667e-006	5.630667e-006
2.586207e-002	2.586207e-002	0.000000e+000	0.000000e+000	0.000000e+000	-6.932634e-006	6.932634e-006
2.586207e-002	2.931034e-002	0.000000e+000	0.000000e+000	0.000000e+000	-8.309495e-006	8.309495e-006
2.586207e-002	3.275862e-002	0.000000e+000	0.000000e+000	0.000000e+000	-9.695941e-006	9.695941e-006
2.586207e-002	3.620690e-002	0.000000e+000	0.000000e+000	0.000000e+000	-1.101447e-005	1.101447e-005
2.586207e-002	3.965517e-002	0.000000e+000	0.000000e+000	0.000000e+000	-1.218089e-005	1.218089e-005
2.586207e-002	4.310345e-002	0.000000e+000	0.000000e+000	0.000000e+000	-1.311259e-005	1.311259e-005
2.586207e-002	4.655172e-002	0.000000e+000	0.000000e+000	0.000000e+000	-1.373840e-005	1.373840e-005
2.586207e-002	5.000000e-002	0.000000e+000	0.000000e+000	0.000000e+000	-1.400828e-005	1.400828e-005
2.931034e-002	-5.000000e-002	0.000000e+000	0.000000e+000	0.000000e+000	-1.402024e-005	1.402024e-005
2.931034e-002	-4.655172e-002	0.000000e+000	0.000000e+000	0.000000e+000	-1.375056e-005	1.375056e-005
2.931034e-002	-4.310345e-002	0.000000e+000	0.000000e+000	0.000000e+000	-1.312495e-005	1.312495e-005
2.931034e-002	-3.965517e-002	0.000000e+000	0.000000e+000	0.000000e+000	-1.219344e-005	1.219344e-005
2.931034e-002	-3.620690e-002	0.000000e+000	0.000000e+000	0.000000e+000	-1.102719e-005	1.102719e-005
2.931034e-002	-3.275862e-002	0.000000e+000	0.000000e+000	0.000000e+000	-9.708832e-006	9.708832e-006
2.931034e-002	-2.931034e-002	0.000000e+000	0.000000e+000	0.000000e+000	-8.322546e-006	8.322546e-006
2.931034e-002	-2.586207e-002	0.000000e+000	0.000000e+000	0.000000e+000	-6.945832e-006	6.945832e-006
2.931034e-002	-2.241379e-002	0.000000e+000	0.000000e+000	0.000000e+000	-5.643998e-006	5.643998e-006
2.931034e-002	-1.896552e-002	0.000000e+000	0.000000e+000	0.000000e+000	-4.467719e-006	4.467719e-006
2.931034e-002	-1.551724e-002	0.000000e+000	0.000000e+000	0.000000e+000	-3.453215e-006	3.453215e-006
2.931034e-002	-1.206897e-002	0.000000e+000	0.000000e+000	0.000000e+000	-2.624220e-006	2.624220e-006
2.931034e-002	-8.620690e-003	0.000000e+000	0.000000e+000	0.000000e+000	-1.994842e-006	1.994842e-006
2.931034e-002	-5.172414e-003	0.000000e+000	0.000000e+000	0.000000e+000	-1.572559e-006	1.572559e-006
2.931034e-002	-1.724138e-003	0.000000e+000	0.000000e+000	0.000000e+000	-1.360800e-006	1.360800e-006
2.931034e-002	1.724138e-003	0.000000e+000	0.000000e+000	0.000000e+000	-1.360800e-006	1.360800e-006
2.931034e-002	5.172414e-003	0.000000e+000	0.000000e+000	0.000000e+000	-1.572559e-006	1.572559e-006
2.931034e-002	8.620690e-003	0.000000e+000	0.000000e+000	0.000000e+000	-1.994842e-006	1.994842e-006
2.931034e-002	1.206897e-002	0.000000e+000	0.000000e+000	0.000000e+000	-2.624220e-006	2.624220e-006
2.931034e-002	1.551724e-002	0.000000e+000	0.000000e+000	0.000000e+000	-3.453215e-006	3.453215e-006
2.931034e-002	1.896552e-002	0.000000e+000	0.000000e+000	0.000000e+000	-4.467719e-006	4.467719e-006
2.931034e-002	2.241379e-002	0.000000e+000	0.000000e+000	0.000000e+000	-5.643998e-006	5.643998e-006
2.931034e-002	2.586207e-002	0.000000e+000	0.000000e+000	0.000000e+000	-6.945832e-006	6.945832e-006
2.931034e-002	2.931034e-002	0.000000e+000	0.000000e+000	0.000000e+000	-8.322546e-006	8.322546e-006
2.931034e-002	3.275862e-002	0.000000e+000	0.000000e+000	0.000000e+000	-9.708832e-006	9.708832e-006
2.931034e-002	3.620690e-002	0.000000e+000	0.000000e+000	0.000000e+000	-1.102719e-005	1.102719e-005
2.931034e-002	3.965517e-002	0.000000e+000	0.000000e+000	0.000000e+000	-1.219344e-005	1.219344e-005
2.931034e-002	4.310345e-002	0.000000e+000	0.000000e+000	0.000000e+000	-1.312495e-005	1.312495e-005
2.931034e-002	4.655172e-002	0.000000e+000	0.000000e+000	0.000000e+000	-1.375056e-005	1.375056e-005
2.931034e-002	5.000000e-002	0.000000e+000	0.000000e+000	0.000000e+000	-1.402024e-005	1.402024e-005
3.275862e-002	-5.000000e-002	0.000000e+000	0.000000e+000	0.000000e+000	-1.403373e-005	1.403373e-005
3.275862e-002	-4.655172e-002	0.000000e+000	0.000000e+000	0.000000e+000	-1.376428e-005	1.376428e-005
3.275862e-002	-4.310345e-002	0.000000e+000	0.000000e+000	0.000000e+000	-1.313890e-005	1.313890e-005
3.275862e-002	-3.965517e-002	0.000000e+000	0.000000e+000	0.000000e+000	-1.220761e-005	1.220761e-005
3.275862e-002	-3.620690e-002	0.000000e+000	0.000000e+000	0.000000e+000	-1.104159e-005	1.104159e-005
3.275862e-002	-3.275862e-002	0.000000e+000	0.000000e+000	0.000000e+000	-9.723437e-006	9.723437e-006
3.275862e-002	-2.931034e-002	0.000000e+000	0.000000e+000	0.000000e+000	-8.337347e-006	8.337347e-006
3.275862e-002	-2.586207e-002	0.000000e+000	0.000000e+000	0.000000e+000	-6.960816e-006	6.960816e-006
3.275862e-002	-2.241379e-002	0.000000e+000	0.000000e+000	0.000000e+000	-5.659147e-006	5.659147e-006
3.275862e-002	-1.896552e-002	0.000000e+000	0.000000e+000	0.000000e+000	-4.483015e-006	4.483015e-006
3.275862e-002	-1.551724e-002	0.000000e+000	0.000000e+000	0.000000e+000	-3.468637e-006	3.468637e-006
3.275862e-002	-1.206897e-002	0.000000e+000	0.000000e+000	0.000000e+000	-2.639745e-006	2.639745e-006
3.275862e-002	-8.620690e-003	0.000000e+000	0.000000e+000	0.000000e+000	-2.010446e-006	2.010446e-006
3.275862e-002	-5.172414e-003	0.000000e+000	0.000000e+000	0.000000e+000	-1.588216e-006	1.588216e-006
3.275862e-002	-1.724138e-003	0.000000e+000	0.000000e+000	0.000000e+000	-1.376483e-006	1.376483e-006
3.275862e-002	1.724138e-003	0.000000e+000	0.000000e+000	0.000000e+000	-1.376483e-006	1.376483e-006
3.275862e-002	5.172414e-003	0.000000e+000	0.000000e+000	0.000000e+000	-1.588216e-006	1.588216e-006
3.275862e-002	8.620690e-003	0.000000e+000	0.000000e+000	0.000000e+000	-2.010446e-006	2.010446e-006
3.275862e-002	1.206897e-002	0.000000e+000	0.000000e+000	0.000000e+000	-2.639745e-006	2.639745e-006
3.275862e-002	1.551724e-002	0.000000e+000	0.000000e+000	0.000000e+000	-3.468637e-006	3.468637e-006
3.275862e-002	1.896552e-002	0.000000e+000	0.000000e+000	0.000000e+000	-4.483015e-006	4.483015e-006
3.275862e-002	2.241379e-002	0.000000e+000	0.000000e+000	0.000000e+000	-5.659147e-006	5.659147e-006
3.275862e-002	2.586207e-002	0.000000e+000	0.000000e+000	0.000000e+000	-6.960816e-006	6.960816e-006
3.275862e-002	2.931034e-002	0.000000e+000	0.000000e+000	0.000000e+000	-8.337347e-006	8.337347e-006
3.275862e-002	3.275862e-002	0.000000e+000	0.000000e+000	0.000000e+000	-9.723437e-006	9.723437e-006
3.275862e-002	3.620690e-002	0.000000e+000	0.000000e+000	0.000000e+000	-1.104159e-005	1.104159e-005
3.275862e-002	3.965517e-002	0.000000e+000	0.000000e+000	0.000000e+000	-1.220761e-005	1.220761e-005
3.275862e-002	4.310345e-002	0.000000e+000	0.000000e+000	0.000000e+000	-1.313890e-005	1.313890e-005
3.275862e-002	4.655172e-002	0.000000e+000	0.000000e+000	0.000000e+000	-1.376428e-005	1.376428e-005
3.275862e-002	5.000000e-002	0.000000e+000	0.000000e+000	0.000000e+000	-1.403373e-005	1.403373e-005
3.620690e-002	-5.000000e-002	0.000000e+000	0.000000e+000	0.000000e+000	-1.404873e-005	1.404873e-005
3.620690e-002	-4.655172e-002	0.000000e+000	0.000000e+000	0.000000e+000	-1.377956e-005	1.377956e-005
3.620690e-002	-4.310345e-002	0.000000e+000	0.000000e+000	0.000000e+000	-1.315446e-005	1.315446e-005
3.620690e-002	-3.965517e-002	0.000000e+000	0.000000e+000	0.000000e+000	-1.222345e-005	1.222345e-005
3.620690e-002	-3.620690e-002	0.000000e+000	0.000000e+000	0.000000e+000	-1.105769e-005	1.105769e-005
3.620690e-002	-3.275862e-002	0.000000e+000	0.000000e+000	0.000000e+000	-9.739791e-006	9.739791e-006
3.620690e-002	-2.931034e-002	0.000000e+000	0.000000e+000	0.000000e+000	-8.353944e-006	8.353944e-006
3.620690e-002	-2.586207e-002	0.000000e+000	0.000000e+000	0.000000e+000	-6.977638e-006	6.977638e-006
3.620690e-002	-2.241379e-002	0.000000e+000	0.000000e+000	0.000000e+000	-5.676176e-006	5.676176e-006
3.620690e-002	-1.896552e-002	0.000000e+000	0.000000e+000	0.000000e+000	-4.500227e-006	4.500227e-006
3.620690e-002	-1.551724e-002	0.000000e+000	0.000000e+000	0.000000e+000	-3.486006e-006	3.486006e-006
3.620690e-002	-1.206897e-002	0.000000e+000	0.000000e+000	0.000000e+000	-2.657242e-006	2.657242e-006
3.620690e-002	-8.620690e-003	0.000000e+000	0.000000e+000	0.000000e+000	-2.028042e-006	2.028042e-006
3.620690e-002	-5.172414e-003	0.000000e+000	0.000000e+000	0.000000e+000	-1.605879e-006	1.605879e-006
3.620690e-002	-1.724138e-003	0.000000e+000	0.000000e+000	0.000000e+000	-1.394180e-006	1.394180e-006
3.620690e-002	1.724138e-003	0.000000e+000	0.000000e+000	0.000000e+000	-1.394180e-006	1.394180e-006
3.620690e-002	5.172414e-003	0.000000e+000	0.000000e+000	0.000000e+000	-1.605879e-006	1.605879e-006
3.620690e-002	8.620690e-003	0.000000e+000	0.000000e+000	0.000000e+000	-2.028042e-006	2.028042e-006
3.620690e-002	1.206897e-002	0.000000e+000	0.000000e+000	0.000000e+000	-2.657242e-006	2.657242e-006
3.620690e-002	1.551724e-002	0.000000e+000	0.000000e+000	0.000000e+000	-3.486006e-006	3.486006e-006
3.620690e-002	1.896552e-002	0.000000e+000	0.000000e+000	0.000000e+000	-4.500227e-006	4.500227e-006
3.620690e-002	2.241379e-002	0.000000e+000	0.000000e+000	0.000000e+000	-5.676176e-006	5.676176e-006
3.620690e-002	2.586207e-002	0.000000e+000	0.000000e+000	0.000000e+000	-6.977638e-006	6.977638e-006
3.620690e-002	2.931034e-002	0.000000e+000	0.000000e+000	0.000000e+000	-8.353944e-006	8.353944e-006
3.620690e-002	3.275862e-002	0.000000e+000	0.000000e+000	0.000000e+000	-9.739791e-006	9.739791e-006
3.620690e-002	3.620690e-002	0.000000e+000	0.000000e+000	0.000000e+000	-1.105769e-005	1.105769e-005
3.620690e-002	3.965517e-002	0.000000e+000	0.000000e+000	0.000000e+000	-1.222345e-005	1.222345e-005
3.620690e-002	4.310345e-002	0.000000e+000	0.000000e+000	0.000000e+000	-1.315446e-005	1.315446e-005
3.620690e-002	4.655172e-002	0.000000e+000	0.000000e+000	0.000000e+000	-1.377956e-005	1.377956e-005
3.620690e-002	5.000000e-002	0.000000e+000	0.000000e+000	0.000000e+000	-1.404873e-005	1.404873e-005
3.965517e-002	-5.000000e-002	0.000000e+000	0.000000e+000	0.000000e+000	-1.406523e-005	1.406523e-005
3.965517e-002	-4.655172e-002	0.000000e+000	0.000000e+000	0.000000e+000	-1.379640e-005	1.379640e-005
3.965517e-002	-4.310345e-002	0.000000e+000	0.000000e+000	0.000000e+000	-1.317163e-005	1.317163e-005
3.965517e-002	-3.965517e-002	0.000000e+000	0.000000e+000	0.000000e+000	-1.224095e-005	1.224095e-005
3.965517e-002	-3.620690e-002	0.000000e+000	0.000000e+000	0.000000e+000	-1.107552e-005	1.107552e-005
3.965517e-002	-3.275862e-002	0.000000e+000	0.000000e+000	0.000000e+000	-9.757935e-006	9.757935e-006
3.965517e-002	-2.931034e-002	0.000000e+000	0.000000e+000	0.000000e+000	-8.372388e-006	8.372388e-006
3.965517e-002	-2.586207e-002	0.000000e+000	0.000000e+000	0.000000e+000	-6.996362e-006	6.996362e-006
3.965517e-002	-2.241379e-002	0.000000e+000	0.000000e+000	0.000000e+000	-5.695156e-006	5.695156e-006
3.965517e-002	-1.896552e-002	0.000000e+000	0.000000e+000	0.000000e+000	-4.519435e-006	4.519435e-006
3.965517e-002	-1.551724e-002	0.000000e+000	0.000000e+000	0.000000e+000	-3.505411e-006	3.505411e-006
3.965517e-002	-1.206897e-002	0.000000e+000	0.000000e+000	0.000000e+000	-2.676810e-006	2.676810e-006
3.965517e-002	-8.620690e-003	0.000000e+000	0.000000e+000	0.000000e+000	-2.047733e-006	2.047733e-006
3.965517e-002	-5.172414e-003	0.000000e+000	0.000000e+000	0.000000e+000	-1.625654e-006	1.625654e-006
3.965517e-002	-1.724138e-003	0.000000e+000	0.000000e+000	0.000000e+000	-1.413997e-006	1.413997e-006
3.965517e-002	1.724138e-003	0.000000e+000	0.000000e+000	0.000000e+000	-1.413997e-006	1.413997e-006
3.965517e-002	5.172414e-003	0.000000e+000	0.000000e+000	0.000000e+000	-1.625654e-006	1.625654e-006
3.965517e-002	8.620690e-003	0.000000e+000	0.000000e+000	0.000000e+000	-2.047733e-006	2.047733e-006
3.965517e-002	1.206897e-002	0.000000e+000	0.000000e+000	0.000000e+000	-2.676810e-006	2.676810e-006
3.965517e-002	1.551724e-002	0.000000e+000	0.000000e+000	0.000000e+000	-3.505411e-006	3.505411e-006
3.965517e-002	1.896552e-002	0.000000e+000	0.000000e+000	0.000000e+000	-4.519435e-006	4.519435e-006
3.965517e-002	2.241379e-002	0.000000e+000	0.000000e+000	0.000000e+000	-5.695156e-006	5.695156e-006
3.965517e-002	2.586207e-002	0.000000e+000	0.000000e+000	0.000000e+000	-6.996362e-006	6.996362e-006
3.965517e-002	2.931034e-002	0.000000e+000	0.000000e+000	0.000000e+000	-8.372388e-006	8.372388e-006
3.965517e-002	3.275862e-002	0.000000e+000	0.000000e+000	0.000000e+000	-9.757935e-006	9.757935e-006
3.965517e-002	3.620690e-002	0.000000e+000	0.000000e+000	0.000000e+000	-1.107552e-005	1.107552e-005
3.965517e-002	3.965517e-002	0.000000e+000	0.000000e+000	0.000000e+000	-1.224095e-005	1.224095e-005
3.965517e-002	4.310345e-002	0.000000e+000	0.000000e+000	0.000000e+000	-1.317163e-005	1.317163e-005
3.965517e-002	4.655172e-002	0.000000e+000	0.000000e+000	0.000000e+000	-1.379640e-005	1.379640e-005
3.965517e-002	5.000000e-002	0.000000e+000	0.000000e+000	0.000000e+000	-1.406523e-005	1.406523e-005
4.310345e-002	-5.000000e-002	0.000000e+000	0.000000e+000	0.000000e+000	-1.408321e-005	1.408321e-005
4.310345e-002	-4.655172e-002	0.000000e+000	0.000000e+000	0.000000e+000	-1.381478e-005	1.381478e-005
4.310345e-002	-4.310345e-002	0.000000e+000	0.000000e+000	0.000000e+000	-1.319041e-005	1.319041e-005
4.310345e-002	-3.965517e-002	0.000000e+000	0.000000e+000	0.000000e+000	-1.226014e-005	1.226014e-005
4.310345e-002	-3.620690e-002	0.000000e+000	0.000000e+000	0.000000e+000	-1.109511e-005	1.109511e-005
4.310345e-002	-3.275862e-002	0.000000e+000	0.000000e+000	0.000000e+000	-9.777914e-006	9.777914e-006
4.310345e-002	-2.931034e-002	0.000000e+000	0.000000e+000	0.000000e+000	-8.392738e-006	8.392738e-006
4.310345e-002	-2.586207e-002	0.000000e+000	0.000000e+000	0.000000e+000	-7.017061e-006	7.017061e-006
4.310345e-002	-2.241379e-002	0.000000e+000	0.000000e+000	0.000000e+000	-5.716175e-006	5.716175e-006
4.310345e-002	-1.896552e-002	0.000000e+000	0.000000e+000	0.000000e+000	-4.540741e-006	4.540741e-006
4.310345e-002	-1.551724e-002	0.000000e+000	0.000000e+000	0.000000e+000	-3.526964e-006	3.526964e-006
4.310345e-002	-1.206897e-002	0.000000e+000	0.000000e+000	0.000000e+000	-2.698566e-006	2.698566e-006
4.310345e-002	-8.620690e-003	0.000000e+000	0.000000e+000	0.000000e+000	-2.069646e-006	2.069646e-006
4.310345e-002	-5.172414e-003	0.000000e+000	0.000000e+000	0.000000e+000	-1.647672e-006	1.647672e-006
4.310345e-002	-1.724138e-003	0.000000e+000	0.000000e+000	0.000000e+000	-1.436069e-006	1.436069e-006
4.310345e-002	1.724138e-003	0.000000e+000	0.000000e+000	0.000000e+000	-1.436069e-006	1.436069e-006
4.310345e-002	5.172414e-003	0.000000e+000	0.000000e+000	0.000000e+000	-1.647672e-006	1.647672e-006
4.310345e-002	8.620690e-003	0.000000e+000	0.000000e+000	0.000000e+000	-2.069646e-006	2.069646e-006
4.310345e-002	1.206897e-002	0.000000e+000	0.000000e+000	0.000000e+000	-2.698566e-006	2.698566e-006
4.310345e-002	1.551724e-002	0.000000e+000	0.000000e+000	0.000000e+000	-3.526964e-006	3.526964e-006
4.310345e-002	1.896552e-002	0.000000e+000	0.000000e+000	0.000000e+000	-4.540741e-006	4.540741e-006
4.310345e-002	2.241379e-002	0.000000e+000	0.000000e+000	0.000000e+000	-5.716175e-006	5.716175e-006
4.310345e-002	2.586207e-002	0.000000e+000	0.000000e+000	0.000000e+000	-7.017061e-006	7.017061e-006
4.310345e-002	2.931034e-002	0.000000e+000	0.000000e+000	0.000000e+000	-8.392738e-006	8.392738e-006
4.310345e-002	3.275862e-002	0.000000e+000	0.000000e+000	0.000000e+000	-9.777914e-006	9.777914e-006
4.310345e-002	3.620690e-002	0.000000e+000	0.000000e+000	0.000000e+000	-1.109511e-005	1.109511e-005
4.310345e-002	3.965517e-002	0.000000e+000	0.000000e+000	0.000000e+000	-1.226014e-005	1.226014e-005
4.310345e-002	4.310345e-002	0.000000e+000	0.000000e+000	0.000000e+000	-1.319041e-005	1.319041e-005
4.310345e-002	4.655172e-002	0.000000e+000	0.000000e+000	0.000000e+000	-1.381478e-005	1.381478e-005
4.310345e-002	5.000000e-002	0.000000e+000	0.000000e+000	0.000000e+000	-1.408321e-005	1.408321e-005
4.655172e-002	-5.000000e-002	0.000000e+000	0.000000e+000	0.000000e+000	-1.410264e-005	1.410264e-005
4.655172e-002	-4.655172e-002	0.000000e+000	0.000000e+000	0.000000e+000	-1.383469e-005	1.383469e-005
4.655172e-002	-4.310345e-002	0.000000e+000	0.000000e+000	0.000000e+000	-1.321081e-005	1.321081e-005
4.655172e-002	-3.965517e-002	0.000000e+000	0.000000e+000	0.000000e+000	-1.228103e-005	1.228103e-005
4.655172e-002	-3.620690e-002	0.000000e+000	0.000000e+000	0.000000e+000	-1.111649e-005	1.111649e-005
4.655172e-002	-3.275862e-002	0.000000e+000	0.000000e+000	0.000000e+000	-9.799774e-006	9.799774e-006
4.655172e-002	-2.931034e-002	0.000000e+000	0.000000e+000	0.000000e+000	-8.415061e-006	8.415061e-006
4.655172e-002	-2.586207e-002	0.000000e+000	0.000000e+000	0.000000e+000	-7.039820e-006	7.039820e-006
4.655172e-002	-2.241379e-002	0.000000e+000	0.000000e+000	0.000000e+000	-5.739336e-006	5.739336e-006
4.655172e-002	-1.896552e-002	0.000000e+000	0.000000e+000	0.000000e+000	-4.564262e-006	4.564262e-006
4.655172e-002	-1.551724e-002	0.000000e+000	0.000000e+000	0.000000e+000	-3.550797e-006	3.550797e-006
4.655172e-002	-1.206897e-002	0.000000e+000	0.000000e+000	0.000000e+000	-2.722656e-006	2.722656e-006
4.655172e-002	-8.620690e-003	0.000000e+000	0.000000e+000	0.000000e+000	-2.093934e-006	2.093934e-006
4.655172e-002	-5.172414e-003	0.000000e+000	0.000000e+000	0.000000e+000	-1.672094e-006	1.672094e-006
4.655172e-002	-1.724138e-003	0.000000e+000	0.000000e+000	0.000000e+000	-1.460558e-006	1.460558e-006
4.655172e-002	1.724138e-003	0.000000e+000	0.000000e+000	0.000000e+000	-1.460558e-006	1.460558e-006
4.655172e-002	5.172414e-003	0.000000e+000	0.000000e+000	0.000000e+000	-1.672094e-006	1.672094e-006
4.655172e-002	8.620690e-003	0.000000e+000	0.000000e+000	0.000000e+000	-2.093934e-006	2.093934e-006
4.655172e-002	1.206897e-002	0.000000e+000	0.000000e+000	0.000000e+000	-2.722656e-006	2.722656e-006
4.655172e-002	1.551724e-002	0.000000e+000	0.000000e+000	0.000000e+000	-3.550797e-006	3.550797e-006
4.655172e-002	1.896552e-002	0.000000e+000	0.000000e+000	0.000000e+000	-4.564262e-006	4.564262e-006
4.655172e-002	2.241379e-002	0.000000e+000	0.000000e+000	0.000000e+000	-5.739336e-006	5.739336e-006
4.655172e-002	2.586207e-002	0.000000e+000	0.000000e+000	0.000000e+000	-7.039820e-006	7.039820e-006
4.655172e-002	2.931034e-002	0.000000e+000	0.000000e+000	0.000000e+000	-8.415061e-006	8.415061e-006
4.655172e-002	3.275862e-002	0.000000e+000	0.000000e+000	0.000000e+000	-9.799774e-006	9.799774e-006
4.655172e-002	3.620690e-002	0.000000e+000	0.000000e+000	0.000000e+000	-1.111649e-005	1.111649e-005
4.655172e-002	3.965517e-002	0.000000e+000	0.000000e+000	0.000000e+000	-1.228103e-005	1.228103e-005
4.655172e-002	4.310345e-002	0.000000e+000	0.000000e+000	0.000000e+000	-1.321081e-005	1.321081e-005
4.655172e-002	4.655172e-002	0.000000e+000	0.000000e+000	0.000000e+000	-1.383469e-005	1.383469e-005
4.655172e-002	5.000000e-002	0.000000e+000	0.000000e+000	0.000000e+000	-1.410264e-005	1.410264e-005
5.000000e-002	-5.000000e-002	0.000000e+000	0.000000e+000	0.000000e+000	-1.412345e-005	1.412345e-005
5.000000e-002	-4.655172e-002	0.000000e+000	0.000000e+000	0.000000e+000	-1.385608e-005	1.385608e-005
5.000000e-002	-4.310345e-002	0.000000e+000	0.000000e+000	0.000000e+000	-1.323280e-005	1.323280e-005
5.000000e-002	-3.965517e-002	0.000000e+000	0.000000e+000	0.000000e+000	-1.230362e-005	1.230362e-005
5.000000e-002	-3.620690e-002	0.000000e+000	0.000000e+000	0.000000e+000	-1.113969e-005	1.113969e-005
5.000000e-002	-3.275862e-002	0.000000e+000	0.000000e+000	0.000000e+000	-9.823570e-006	9.823570e-006
5.000000e-002	-2.931034e-002	0.000000e+000	0.000000e+000	0.000000e+000	-8.439434e-006	8.439434e-006
5.000000e-002	-2.586207e-002	0.000000e+000	0.000000e+000	0.000000e+000	-7.064740e-006	7.064740e-006
5.000000e-002	-2.241379e-002	0.000000e+000	0.000000e+000	0.000000e+000	-5.764763e-006	5.764763e-006
5.000000e-002	-1.896552e-002	0.000000e+000	0.000000e+000	0.000000e+000	-4.590144e-006	4.590144e-006
5.000000e-002	-1.551724e-002	0.000000e+000	0.000000e+000	0.000000e+000	-3.577074e-006	3.577074e-006
5.000000e-002	-1.206897e-002	0.000000e+000	0.000000e+000	0.000000e+000	-2.749260e-006	2.749260e-006
5.000000e-002	-8.620690e-003	0.000000e+000	0.000000e+000	0.000000e+000	-2.120788e-006	2.120788e-006
5.000000e-002	-5.172414e-003	0.000000e+000	0.000000e+000	0.000000e+000	-1.699118e-006	1.699118e-006
5.000000e-002	-1.724138e-003	0.000000e+000	0.000000e+000	0.000000e+000	-1.487669e-006	1.487669e-006
5.000000e-002	1.724138e-003	0.000000e+000	0.000000e+000	0.000000e+000	-1.487669e-006	1.487669e-006
5.000000e-002	5.172414e-003	0.000000e+000	0.000000e+000	0.000000e+000	-1.699118e-006	1.699118e-006
5.000000e-002	8.620690e-003	0.000000e+000	0.000000e+000	0.000000e+000	-2.120788e-006	2.120788e-006
5.000000e-002	1.206897e-002	0.000000e+000	0.000000e+000	0.000000e+000	-2.749260e-006	2.749260e-006
5.000000e-002	1.551724e-002	0.000000e+000	0.000000e+000	0.000000e+000	-3.577074e-006	3.577074e-006
5.000000e-002	1.896552e-002	0.000000e+000	0.000000e+000	0.000000e+000	-4.590144e-006	4.590144e-006
5.000000e-002	2.241379e-002	0.000000e+000	0.000000e+000	0.000000e+000	-5.764763e-006	5.764763e-006
5.000000e-002	2.586207e-002	0.000000e+000	0.000000e+000	0.000000e+000	-7.064740e-006	7.064740e-006
5.000000e-002	2.931034e-002	0.000000e+000	0.000000e+000	0.000000e+000	-8.439434e-006	8.439434e-006
5.000000e-002	3.275862e-002	0.000000e+000	0.000000e+000	0.000000e+000	-9.823570e-006	9.823570e-006
5.000000e-002	3.620690e-002	0.000000e+000	0.000000e+000	0.000000e+000	-1.113969e-005	1.113969e-005
5.000000e-002	3.965517e-002	0.000000e+000	0.000000e+000	0.000000e+000	-1.230362e-005	1.230362e-005
5.000000e-002	4.310345e-002	0.000000e+000	0.000000e+000	0.000000e+000	-1.323280e-005	1.323280e-005
5.000000e-002	4.655172e-002	0.000000e+000	0.000000e+000	0.000000e+000	-1.385608e-005	1.385608e-005
5.000000e-002	5.000000e-002	0.000000e+000	0.000000e+000	0.000000e+000	-1.412345e-005	1.412345e-005
