-5.000000e-002	-5.000000e-002	0.000000e+000	8.470329e-022	0.000000e+000	-4.529776e-005	4.529776e-005
-5.000000e-002	-4.655172e-002	0.000000e+000	0.000000e+000	0.000000e+000	-4.534139e-005	4.534139e-005
-5.000000e-002	-4.310345e-002	0.000000e+000	-8.470329e-022	0.000000e+000	-4.536893e-005	4.536893e-005
-5.000000e-002	-3.965517e-002	0.000000e+000	8.470329e-022	-2.117582e-022	-4.538444e-005	4.538444e-005
-5.000000e-002	-3.620690e-002	0.000000e+000	-8.470329e-022	0.000000e+000	-4.539112e-005	4.539112e-005
-5.000000e-002	-3.275862e-002	0.000000e+000	-8.470329e-022	0.000000e+000	-4.539156e-005	4.539156e-005
-5.000000e-002	-2.931034e-002	0.000000e+000	0.000000e+000	0.000000e+000	-4.538778e-005	4.538778e-005
-5.000000e-002	-2.586207e-002	0.000000e+000	0.000000e+000	0.000000e+000	-4.538138e-005	4.538138e-005
-5.000000e-002	-2.241379e-002	0.000000e+000	-8.470329e-022	0.000000e+000	-4.537363e-005	4.537363e-005
-5.000000e-002	-1.896552e-002	0.000000e+000	-8.470329e-022	0.000000e+000	-4.536550e-005	4.536550e-005
-5.000000e-002	-1.551724e-002	0.000000e+000	0.000000e+000	0.000000e+000	-4.535774e-005	4.535774e-005
-5.000000e-002	-1.206897e-002	0.000000e+000	0.000000e+000	0.000000e+000	-4.535093e-005	4.535093e-005
-5.000000e-002	-8.620690e-003	0.000000e+000	0.000000e+000	0.000000e+000	-4.534548e-005	4.534548e-005
-5.000000e-002	-5.172414e-003	0.000000e+000	0.000000e+000	0.000000e+000	-4.534169e-005	4.534169e-005
-5.000000e-002	-1.724138e-003	0.000000e+000	8.470329e-022	0.000000e+000	-4.533975e-005	4.533975e-005
-5.000000e-002	1.724138e-003	0.000000e+000	8.470329e-022	0.000000e+000	-4.533975e-005	4.533975e-005
-5.000000e-002	5.172414e-003	0.000000e+000	0.000000e+000	0.000000e+000	-4.534169e-005	4.534169e-005
-5.000000e-002	8.620690e-003	0.000000e+000	8.470329e-022	0.000000e+000	-4.534548e-005	4.534548e-005
-5.000000e-002	1.206897e-002	0.000000e+000	0.000000e+000	0.000000e+000	-4.535093e-005	4.535093e-005
-5.000000e-002	1.551724e-002	0.000000e+000	0.000000e+000	0.000000e+000	-4.535774e-005	4.535774e-005
-5.000000e-002	1.896552e-002	0.000000e+000	0.000000e+000	0.000000e+000	-4.536550e-005	4.536550e-005
-5.000000e-002	2.241379e-002	0.000000e+000	-8.470329e-022	0.000000e+000	-4.537363e-005	4.537363e-005
-5.000000e-002	2.586207e-002	0.000000e+000	0.000000e+000	0.000000e+000	-4.538138e-005	4.538138e-005
-5.000000e-002	2.931034e-002	0.000000e+000	0.000000e+000	0.000000e+000	-4.538778e-005	4.538778e-005
-5.000000e-002	3.275862e-002	0.000000e+000	0.000000e+000	2.117582e-022	-4.539156e-005	4.539156e-005
-5.000000e-002	3.620690e-002	0.000000e+000	-8.470329e-022	0.000000e+000	-4.539112e-005	4.539112e-005
-5.000000e-002	3.965517e-002	0.000000e+000	8.470329e-022	0.000000e+000	-4.538444e-005	4.538444e-005
-5.000000e-002	4.310345e-002	0.000000e+000	-8.470329e-022	0.000000e+000	-4.536893e-005	4.536893e-005
-5.000000e-002	4.655172e-002	0.000000e+000	0.000000e+000	0.000000e+000	-4.534139e-005	4.534139e-005
-5.000000e-002	5.000000e-002	0.000000e+000	8.470329e-022	0.000000e+000	-4.529776e-005	4.529776e-005
-4.655172e-002	-5.000000e-002	0.000000e+000	0.000000e+000	0.000000e+000	-4.423276e-005	4.423276e-005
-4.655172e-002	-4.655172e-002	0.000000e+000	-8.470329e-022	0.000000e+000	-4.427605e-005	4.427605e-005
-4.655172e-002	-4.310345e-002	0.000000e+000	8.470329e-022	0.000000e+000	-4.430364e-005	4.430364e-005
-4.655172e-002	-3.965517e-002	0.000000e+000	8.470329e-022	0.000000e+000	-4.431947e-005	4.431947e-005
-4.655172e-002	-3.620690e-002	0.000000e+000	0.000000e+000	2.117582e-022	-4.432666e-005	4.432666e-005
-4.655172e-002	-3.275862e-002	0.000000e+000	0.000000e+000	0.000000e+000	-4.432772e-005	4.432772e-005
-4.655172e-002	-2.931034e-002	0.000000e+000	8.470329e-022	0.000000e+000	-4.432461e-005	4.432461e-005
-4.655172e-002	-2.586207e-002	0.000000e+000	-8.470329e-022	0.000000e+000	-4.431891e-005	4.431891e-005
-4.655172e-002	-2.241379e-002	0.000000e+000	8.470329e-022	0.000000e+000	-4.431183e-005	4.431183e-005
-4.655172e-002	-1.896552e-002	0.000000e+000	0.000000e+000	0.000000e+000	-4.430431e-005	4.430431e-005
-4.655172e-002	-1.551724e-002	0.000000e+000	-8.470329e-022	0.000000e+000	-4.429709e-005	4.429709e-005
-4.655172e-002	-1.206897e-002	0.000000e+000	0.000000e+000	0.000000e+000	-4.429073e-005	4.429073e-005
-4.655172e-002	-8.620690e-003	0.000000e+000	0.000000e+000	0.000000e+000	-4.428563e-005	4.428563e-005
-4.655172e-002	-5.172414e-003	0.000000e+000	0.000000e+000	0.000000e+000	-4.428208e-005	4.428208e-005
-4.655172e-002	-1.724138e-003	0.000000e+000	-8.470329e-022	0.000000e+000	-4.428026e-005	4.428026e-005
-4.655172e-002	1.724138e-003	0.000000e+000	-8.470329e-022	0.000000e+000	-4.428026e-005	4.428026e-005
-4.655172e-002	5.172414e-003	0.000000e+000	0.000000e+000	0.000000e+000	-4.428208e-005	4.428208e-005
-4.655172e-002	8.620690e-003	0.000000e+000	0.000000e+000	0.000000e+000	-4.428563e-005	4.428563e-005
-4.655172e-002	1.206897e-002	0.000000e+000	0.000000e+000	0.000000e+000	-4.429073e-005	4.429073e-005
-4.655172e-002	1.551724e-002	0.000000e+000	-8.470329e-022	0.000000e+000	-4.429709e-005	4.429709e-005
-4.655172e-002	1.896552e-002	0.000000e+000	0.000000e+000	0.000000e+000	-4.430431e-005	4.430431e-005
-4.655172e-002	2.241379e-002	0.000000e+000	8.470329e-022	0.000000e+000	-4.431183e-005	4.431183e-005
-4.655172e-002	2.586207e-002	0.000000e+000	0.000000e+000	0.000000e+000	-4.431891e-005	4.431891e-005
-4.655172e-002	2.931034e-002	0.000000e+000	8.470329e-022	0.000000e+000	-4.432461e-005	4.432461e-005
-4.655172e-002	3.275862e-002	0.000000e+000	8.470329e-022	0.000000e+000	-4.432772e-005	4.432772e-005
-4.655172e-002	3.620690e-002	0.000000e+000	0.000000e+000	-2.117582e-022	-4.432666e-005	4.432666e-005
-4.655172e-002	3.965517e-002	0.000000e+000	8.470329e-022	0.000000e+000	-4.431947e-005	4.431947e-005
-4.655172e-002	4.310345e-002	0.000000e+000	8.470329e-022	0.000000e+000	-4.430364e-005	4.430364e-005
-4.655172e-002	4.655172e-002	0.000000e+000	-8.470329e-022	0.000000e+000	-4.427605e-005	4.427605e-005
-4.655172e-002	5.000000e-002	0.000000e+000	0.000000e+000	0.000000e+000	-4.423276e-005	4.423276e-005
-4.310345e-002	-5.000000e-002	0.000000e+000	-8.470329e-022	0.000000e+000	-4.278314e-005	4.278314e-005
-4.310345e-002	-4.655172e-002	0.000000e+000	0.000000e+000	0.000000e+000	-4.282558e-005	4.282558e-005
-4.310345e-002	-4.310345e-002	0.000000e+000	0.000000e+000	0.000000e+000	-4.285285e-005	4.285285e-005
-4.310345e-002	-3.965517e-002	0.000000e+000	8.470329e-022	0.000000e+000	-4.286874e-005	4.286874e-005
-4.310345e-002	-3.620690e-002	0.000000e+000	0.000000e+000	0.000000e+000	-4.287626e-005	4.287626e-005
-4.310345e-002	-3.275862e-002	0.000000e+000	0.000000e+000	0.000000e+000	-4.287782e-005	4.287782e-005
-4.310345e-002	-2.931034e-002	0.000000e+000	8.470329e-022	0.000000e+000	-4.287532e-005	4.287532e-005
-4.310345e-002	-2.586207e-002	0.000000e+000	0.000000e+000	0.000000e+000	-4.287027e-005	4.287027e-005
-4.310345e-002	-2.241379e-002	0.000000e+000	0.000000e+000	0.000000e+000	-4.286383e-005	4.286383e-005
-4.310345e-002	-1.896552e-002	0.000000e+000	8.470329e-022	0.000000e+000	-4.285692e-005	4.285692e-005
-4.310345e-002	-1.551724e-002	0.000000e+000	0.000000e+000	0.000000e+000	-4.285024e-005	4.285024e-005
-4.310345e-002	-1.206897e-002	0.000000e+000	8.470329e-022	0.000000e+000	-4.284433e-005	4.284433e-005
-4.310345e-002	-8.620690e-003	0.000000e+000	8.470329e-022	0.000000e+000	-4.283959e-005	4.283959e-005
-4.310345e-002	-5.172414e-003	0.000000e+000	0.000000e+000	0.000000e+000	-4.283628e-005	4.283628e-005
-4.310345e-002	-1.724138e-003	0.000000e+000	0.000000e+000	0.000000e+000	-4.283458e-005	4.283458e-005
-4.310345e-002	1.724138e-003	0.000000e+000	0.000000e+000	0.000000e+000	-4.283458e-005	4.283458e-005
-4.310345e-002	5.172414e-003	0.000000e+000	8.470329e-022	0.000000e+000	-4.283628e-005	4.283628e-005
-4.310345e-002	8.620690e-003	0.000000e+000	8.470329e-022	0.000000e+000	-4.283959e-005	4.283959e-005
-4.310345e-002	1.206897e-002	0.000000e+000	8.470329e-022	0.000000e+000	-4.284433e-005	4.284433e-005
-4.310345e-002	1.551724e-002	0.000000e+000	0.000000e+000	0.000000e+000	-4.285024e-005	4.285024e-005
-4.310345e-002	1.896552e-002	0.000000e+000	8.470329e-022	0.000000e+000	-4.285692e-005	4.285692e-005
-4.310345e-002	2.241379e-002	0.000000e+000	0.000000e+000	0.000000e+000	-4.286383e-005	4.286383e-005
-4.310345e-002	2.586207e-002	0.000000e+000	0.000000e+000	0.000000e+000	-4.287027e-005	4.287027e-005
-4.310345e-002	2.931034e-002	0.000000e+000	8.470329e-022	0.000000e+000	-4.287532e-005	4.287532e-005
-4.310345e-002	3.275862e-002	0.000000e+000	-8.470329e-022	0.000000e+000	-4.287782e-005	4.287782e-005
-4.310345e-002	3.620690e-002	0.000000e+000	0.000000e+000	0.000000e+000	-4.287626e-005	4.287626e-005
-4.310345e-002	3.965517e-002	0.000000e+000	0.000000e+000	0.000000e+000	-4.286874e-005	4.286874e-005
-4.310345e-002	4.310345e-002	0.000000e+000	0.000000e+000	0.000000e+000	-4.285285e-005	4.285285e-005
-4.310345e-002	4.655172e-002	0.000000e+000	0.000000e+000	0.000000e+000	-4.282558e-005	4.282558e-005
-4.310345e-002	5.000000e-002	0.000000e+000	-8.470329e-022	0.000000e+000	-4.278314e-005	4.278314e-005
-3.965517e-002	-5.000000e-002	0.000000e+000	0.000000e+000	0.000000e+000	-4.094323e-005	4.094323e-005
-3.965517e-002	-4.655172e-002	0.000000e+000	-1.694066e-021	0.000000e+000	-4.098433e-005	4.098433e-005
-3.965517e-002	-4.310345e-002	0.000000e+000	0.000000e+000	0.000000e+000	-4.101092e-005	4.101092e-005
-3.965517e-002	-3.965517e-002	0.000000e+000	0.000000e+000	0.000000e+000	-4.102662e-005	4.102662e-005
-3.965517e-002	-3.620690e-002	0.000000e+000	0.000000e+000	0.000000e+000	-4.103429e-005	4.103429e-005
-3.965517e-002	-3.275862e-002	0.000000e+000	0.000000e+000	0.000000e+000	-4.103623e-005	4.103623e-005
-3.965517e-002	-2.931034e-002	0.000000e+000	0.000000e+000	0.000000e+000	-4.103426e-005	4.103426e-005
-3.965517e-002	-2.586207e-002	0.000000e+000	0.000000e+000	0.000000e+000	-4.102980e-005	4.102980e-005
-3.965517e-002	-2.241379e-002	0.000000e+000	1.694066e-021	1.058791e-022	-4.102398e-005	4.102398e-005
-3.965517e-002	-1.896552e-002	0.000000e+000	-1.694066e-021	0.000000e+000	-4.101767e-005	4.101767e-005
-3.965517e-002	-1.551724e-002	0.000000e+000	0.000000e+000	0.000000e+000	-4.101154e-005	4.101154e-005
-3.965517e-002	-1.206897e-002	0.000000e+000	0.000000e+000	0.000000e+000	-4.100609e-005	4.100609e-005
-3.965517e-002	-8.620690e-003	0.000000e+000	0.000000e+000	0.000000e+000	-4.100171e-005	4.100171e-005
-3.965517e-002	-5.172414e-003	0.000000e+000	0.000000e+000	0.000000e+000	-4.099865e-005	4.099865e-005
-3.965517e-002	-1.724138e-003	0.000000e+000	0.000000e+000	0.000000e+000	-4.099707e-005	4.099707e-005
-3.965517e-002	1.724138e-003	0.000000e+000	0.000000e+000	0.000000e+000	-4.099707e-005	4.099707e-005
-3.965517e-002	5.172414e-003	0.000000e+000	0.000000e+000	0.000000e+000	-4.099865e-005	4.099865e-005
-3.965517e-002	8.620690e-003	0.000000e+000	0.000000e+000	0.000000e+000	-4.100171e-005	4.100171e-005
-3.965517e-002	1.206897e-002	0.000000e+000	0.000000e+000	0.000000e+000	-4.100609e-005	4.100609e-005
-3.965517e-002	1.551724e-002	0.000000e+000	0.000000e+000	0.000000e+000	-4.101154e-005	4.101154e-005
-3.965517e-002	1.896552e-002	0.000000e+000	-1.694066e-021	0.000000e+000	-4.101767e-005	4.101767e-005
-3.965517e-002	2.241379e-002	0.000000e+000	1.694066e-021	-1.058791e-022	-4.102398e-005	4.102398e-005
-3.965517e-002	2.586207e-002	0.000000e+000	1.694066e-021	0.000000e+000	-4.102980e-005	4.102980e-005
-3.965517e-002	2.931034e-002	0.000000e+000	0.000000e+000	0.000000e+000	-4.103426e-005	4.103426e-005
-3.965517e-002	3.275862e-002	0.000000e+000	0.000000e+000	0.000000e+000	-4.103623e-005	4.103623e-005
-3.965517e-002	3.620690e-002	0.000000e+000	0.000000e+000	0.000000e+000	-4.103429e-005	4.103429e-005
-3.965517e-002	3.965517e-002	0.000000e+000	0.000000e+000	0.000000e+000	-4.102662e-005	4.102662e-005
-3.965517e-002	4.310345e-002	0.000000e+000	0.000000e+000	0.000000e+000	-4.101092e-005	4.101092e-005
-3.965517e-002	4.655172e-002	0.000000e+000	-1.694066e-021	0.000000e+000	-4.098433e-005	4.098433e-005
-3.965517e-002	5.000000e-002	0.000000e+000	0.000000e+000	0.000000e+000	-4.094323e-005	4.094323e-005
-3.620690e-002	-5.000000e-002	0.000000e+000	0.000000e+000	0.000000e+000	-3.871392e-005	3.871392e-005
-3.620690e-002	-4.655172e-002	0.000000e+000	0.000000e+000	0.000000e+000	-3.875321e-005	3.875321e-005
-3.620690e-002	-4.310345e-002	0.000000e+000	0.000000e+000	0.000000e+000	-3.877877e-005	3.877877e-005
-3.620690e-002	-3.965517e-002	0.000000e+000	0.000000e+000	0.000000e+000	-3.879402e-005	3.879402e-005
-3.620690e-002	-3.620690e-002	0.000000e+000	0.000000e+000	0.000000e+000	-3.880167e-005	3.880167e-005
-3.620690e-002	-3.275862e-002	0.000000e+000	0.000000e+000	0.000000e+000	-3.880388e-005	3.880388e-005
-3.620690e-002	-2.931034e-002	0.000000e+000	0.000000e+000	0.000000e+000	-3.880236e-005	3.880236e-005
-3.620690e-002	-2.586207e-002	0.000000e+000	1.694066e-021	0.000000e+000	-3.879847e-005	3.879847e-005
-3.620690e-002	-2.241379e-002	0.000000e+000	1.694066e-021	0.000000e+000	-3.879325e-005	3.879325e-005
-3.620690e-002	-1.896552e-002	0.000000e+000	0.000000e+000	0.000000e+000	-3.878752e-005	3.878752e-005
-3.620690e-002	-1.551724e-002	0.000000e+000	1.694066e-021	0.000000e+000	-3.878193e-005	3.878193e-005
-3.620690e-002	-1.206897e-002	0.000000e+000	-1.694066e-021	0.000000e+000	-3.877695e-005	3.877695e-005
-3.620690e-002	-8.620690e-003	0.000000e+000	-1.694066e-021	0.000000e+000	-3.877293e-005	3.877293e-005
-3.620690e-002	-5.172414e-003	0.000000e+000	0.000000e+000	0.000000e+000	-3.877012e-005	3.877012e-005
-3.620690e-002	-1.724138e-003	0.000000e+000	1.694066e-021	0.000000e+000	-3.876867e-005	3.876867e-005
-3.620690e-002	1.724138e-003	0.000000e+000	1.694066e-021	0.000000e+000	-3.876867e-005	3.876867e-005
-3.620690e-002	5.172414e-003	0.000000e+000	0.000000e+000	0.000000e+000	-3.877012e-005	3.877012e-005
-3.620690e-002	8.620690e-003	0.000000e+000	1.694066e-021	0.000000e+000	-3.877293e-005	3.877293e-005
-3.620690e-002	1.206897e-002	0.000000e+000	-1.694066e-021	0.000000e+000	-3.877695e-005	3.877695e-005
-3.620690e-002	1.551724e-002	0.000000e+000	1.694066e-021	0.000000e+000	-3.878193e-005	3.878193e-005
-3.620690e-002	1.896552e-002	0.000000e+000	0.000000e+000	0.000000e+000	-3.878752e-005	3.878752e-005
-3.620690e-002	2.241379e-002	0.000000e+000	1.694066e-021	0.000000e+000	-3.879325e-005	3.879325e-005
-3.620690e-002	2.586207e-002	0.000000e+000	1.694066e-021	0.000000e+000	-3.879847e-005	3.879847e-005
-3.620690e-002	2.931034e-002	0.000000e+000	0.000000e+000	0.000000e+000	-3.880236e-005	3.880236e-005
-3.620690e-002	3.275862e-002	0.000000e+000	0.000000e+000	0.000000e+000	-3.880388e-005	3.880388e-005
-3.620690e-002	3.620690e-002	0.000000e+000	0.000000e+000	0.000000e+000	-3.880167e-005	3.880167e-005
-3.620690e-002	3.965517e-002	0.000000e+000	0.000000e+000	0.000000e+000	-3.879402e-005	3.879402e-005
-3.620690e-002	4.310345e-002	0.000000e+000	0.000000e+000	0.000000e+000	-3.877877e-005	3.877877e-005
-3.620690e-002	4.655172e-002	0.000000e+000	0.000000e+000	0.000000e+000	-3.875321e-005	3.875321e-005
-3.620690e-002	5.000000e-002	0.000000e+000	0.000000e+000	0.000000e+000	-3.871392e-005	3.871392e-005
-3.275862e-002	-5.000000e-002	0.000000e+000	1.694066e-021	0.000000e+000	-3.610589e-005	3.610589e-005
-3.275862e-002	-4.655172e-002	0.000000e+000	1.694066e-021	0.000000e+000	-3.614290e-005	3.614290e-005
-3.275862e-002	-4.310345e-002	0.000000e+000	0.000000e+000	0.000000e+000	-3.616711e-005	3.616711e-005
-3.275862e-002	-3.965517e-002	0.000000e+000	0.000000e+000	0.000000e+000	-3.618167e-005	3.618167e-005
-3.275862e-002	-3.620690e-002	0.000000e+000	0.000000e+000	0.000000e+000	-3.618914e-005	3.618914e-005
-3.275862e-002	-3.275862e-002	0.000000e+000	1.694066e-021	0.000000e+000	-3.619150e-005	3.619150e-005
-3.275862e-002	-2.931034e-002	0.000000e+000	0.000000e+000	0.000000e+000	-3.619037e-005	3.619037e-005
-3.275862e-002	-2.586207e-002	0.000000e+000	-1.694066e-021	0.000000e+000	-3.618699e-005	3.618699e-005
-3.275862e-002	-2.241379e-002	0.000000e+000	0.000000e+000	0.000000e+000	-3.618234e-005	3.618234e-005
-3.275862e-002	-1.896552e-002	0.000000e+000	-1.694066e-021	0.000000e+000	-3.617720e-005	3.617720e-005
-3.275862e-002	-1.551724e-002	0.000000e+000	-1.694066e-021	0.000000e+000	-3.617215e-005	3.617215e-005
-3.275862e-002	-1.206897e-002	0.000000e+000	-1.694066e-021	0.000000e+000	-3.616763e-005	3.616763e-005
-3.275862e-002	-8.620690e-003	0.000000e+000	1.694066e-021	0.000000e+000	-3.616398e-005	3.616398e-005
-3.275862e-002	-5.172414e-003	0.000000e+000	1.694066e-021	0.000000e+000	-3.616142e-005	3.616142e-005
-3.275862e-002	-1.724138e-003	0.000000e+000	0.000000e+000	0.000000e+000	-3.616011e-005	3.616011e-005
-3.275862e-002	1.724138e-003	0.000000e+000	0.000000e+000	0.000000e+000	-3.616011e-005	3.616011e-005
-3.275862e-002	5.172414e-003	0.000000e+000	-1.694066e-021	0.000000e+000	-3.616142e-005	3.616142e-005
-3.275862e-002	8.620690e-003	0.000000e+000	0.000000e+000	0.000000e+000	-3.616398e-005	3.616398e-005
-3.275862e-002	1.206897e-002	0.000000e+000	-1.694066e-021	0.000000e+000	-3.616763e-005	3.616763e-005
-3.275862e-002	1.551724e-002	0.000000e+000	-1.694066e-021	0.000000e+000	-3.617215e-005	3.617215e-005
-3.275862e-002	1.896552e-002	0.000000e+000	0.000000e+000	0.000000e+000	-3.617720e-005	3.617720e-005
-3.275862e-002	2.241379e-002	0.000000e+000	0.000000e+000	0.000000e+000	-3.618234e-005	3.618234e-005
-3.275862e-002	2.586207e-002	0.000000e+000	-1.694066e-021	0.000000e+000	-3.618699e-005	3.618699e-005
-3.275862e-002	2.931034e-002	0.000000e+000	0.000000e+000	0.000000e+000	-3.619037e-005	3.619037e-005
-3.275862e-002	3.275862e-002	0.000000e+000	1.694066e-021	0.000000e+000	-3.619150e-005	3.619150e-005
-3.275862e-002	3.620690e-002	0.000000e+000	0.000000e+000	0.000000e+000	-3.618914e-005	3.618914e-005
-3.275862e-002	3.965517e-002	0.000000e+000	0.000000e+000	0.000000e+000	-3.618167e-005	3.618167e-005
-3.275862e-002	4.310345e-002	0.000000e+000	0.000000e+000	0.000000e+000	-3.616711e-005	3.616711e-005
-3.275862e-002	4.655172e-002	0.000000e+000	1.694066e-021	0.000000e+000	-3.614290e-005	3.614290e-005
-3.275862e-002	5.000000e-002	0.000000e+000	1.694066e-021	0.000000e+000	-3.610589e-005	3.610589e-005
-2.931034e-002	-5.000000e-002	0.000000e+000	0.000000e+000	0.000000e+000	-3.314188e-005	3.314188e-005
-2.931034e-002	-4.655172e-002	0.000000e+000	0.000000e+000	0.000000e+000	-3.317620e-005	3.317620e-005
-2.931034e-002	-4.310345e-002	0.000000e+000	0.000000e+000	2.117582e-022	-3.319874e-005	3.319874e-005
-2.931034e-002	-3.965517e-002	0.000000e+000	-1.694066e-021	0.000000e+000	-3.321241e-005	3.321241e-005
-2.931034e-002	-3.620690e-002	0.000000e+000	0.000000e+000	0.000000e+000	-3.321953e-005	3.321953e-005
-2.931034e-002	-3.275862e-002	0.000000e+000	0.000000e+000	0.000000e+000	-3.322195e-005	3.322195e-005
-2.931034e-002	-2.931034e-002	0.000000e+000	0.000000e+000	0.000000e+000	-3.322112e-005	3.322112e-005
-2.931034e-002	-2.586207e-002	0.000000e+000	0.000000e+000	0.000000e+000	-3.321822e-005	3.321822e-005
-2.931034e-002	-2.241379e-002	0.000000e+000	-1.694066e-021	0.000000e+000	-3.321413e-005	3.321413e-005
-2.931034e-002	-1.896552e-002	0.000000e+000	0.000000e+000	0.000000e+000	-3.320956e-005	3.320956e-005
-2.931034e-002	-1.551724e-002	0.000000e+000	0.000000e+000	0.000000e+000	-3.320504e-005	3.320504e-005
-2.931034e-002	-1.206897e-002	0.000000e+000	1.694066e-021	0.000000e+000	-3.320099e-005	3.320099e-005
-2.931034e-002	-8.620690e-003	0.000000e+000	0.000000e+000	0.000000e+000	-3.319772e-005	3.319772e-005
-2.931034e-002	-5.172414e-003	0.000000e+000	0.000000e+000	0.000000e+000	-3.319542e-005	3.319542e-005
-2.931034e-002	-1.724138e-003	0.000000e+000	0.000000e+000	0.000000e+000	-3.319424e-005	3.319424e-005
-2.931034e-002	1.724138e-003	0.000000e+000	0.000000e+000	0.000000e+000	-3.319424e-005	3.319424e-005
-2.931034e-002	5.172414e-003	0.000000e+000	0.000000e+000	0.000000e+000	-3.319542e-005	3.319542e-005
-2.931034e-002	8.620690e-003	0.000000e+000	0.000000e+000	0.000000e+000	-3.319772e-005	3.319772e-005
-2.931034e-002	1.206897e-002	0.000000e+000	1.694066e-021	0.000000e+000	-3.320099e-005	3.320099e-005
-2.931034e-002	1.551724e-002	0.000000e+000	0.000000e+000	0.000000e+000	-3.320504e-005	3.320504e-005
-2.931034e-002	1.896552e-002	0.000000e+000	0.000000e+000	0.000000e+000	-3.320956e-005	3.320956e-005
-2.931034e-002	2.241379e-002	0.000000e+000	-1.694066e-021	0.000000e+000	-3.321413e-005	3.321413e-005
-2.931034e-002	2.586207e-002	0.000000e+000	0.000000e+000	0.000000e+000	-3.321822e-005	3.321822e-005
-2.931034e-002	2.931034e-002	0.000000e+000	0.000000e+000	0.000000e+000	-3.322112e-005	3.322112e-005
-2.931034e-002	3.275862e-002	0.000000e+000	1.694066e-021	0.000000e+000	-3.322195e-005	3.322195e-005
-2.931034e-002	3.620690e-002	0.000000e+000	0.000000e+000	0.000000e+000	-3.321953e-005	3.321953e-005
-2.931034e-002	3.965517e-002	0.000000e+000	-1.694066e-021	0.000000e+000	-3.321241e-005	3.321241e-005
-2.931034e-002	4.310345e-002	0.000000e+000	0.000000e+000	-2.117582e-022	-3.319874e-005	3.319874e-005
-2.931034e-002	4.655172e-002	0.000000e+000	0.000000e+000	0.000000e+000	-3.317620e-005	3.317620e-005
-2.931034e-002	5.000000e-002	0.000000e+000	0.000000e+000	0.000000e+000	-3.314188e-005	3.314188e-005
-2.586207e-002	-5.000000e-002	0.000000e+000	1.694066e-021	0.000000e+000	-2.985747e-005	2.985747e-005
-2.586207e-002	-4.655172e-002	0.000000e+000	-1.694066e-021	0.000000e+000	-2.988871e-005	2.988871e-005
-2.586207e-002	-4.310345e-002	0.000000e+000	0.000000e+000	0.000000e+000	-2.990929e-005	2.990929e-005
-2.586207e-002	-3.965517e-002	0.000000e+000	0.000000e+000	0.000000e+000	-2.992185e-005	2.992185e-005
-2.586207e-002	-3.620690e-002	0.000000e+000	0.000000e+000	0.000000e+000	-2.992849e-005	2.992849e-005
-2.586207e-002	-3.275862e-002	0.000000e+000	0.000000e+000	0.000000e+000	-2.993086e-005	2.993086e-005
-2.586207e-002	-2.931034e-002	0.000000e+000	1.694066e-021	0.000000e+000	-2.993029e-005	2.993029e-005
-2.586207e-002	-2.586207e-002	0.000000e+000	1.694066e-021	0.000000e+000	-2.992782e-005	2.992782e-005
-2.586207e-002	-2.241379e-002	0.000000e+000	-1.694066e-021	0.000000e+000	-2.992426e-005	2.992426e-005
-2.586207e-002	-1.896552e-002	0.000000e+000	0.000000e+000	0.000000e+000	-2.992025e-005	2.992025e-005
-2.586207e-002	-1.551724e-002	0.000000e+000	1.694066e-021	0.000000e+000	-2.991627e-005	2.991627e-005
-2.586207e-002	-1.206897e-002	0.000000e+000	1.694066e-021	0.000000e+000	-2.991270e-005	2.991270e-005
-2.586207e-002	-8.620690e-003	0.000000e+000	1.694066e-021	0.000000e+000	-2.990980e-005	2.990980e-005
-2.586207e-002	-5.172414e-003	0.000000e+000	-1.694066e-021	0.000000e+000	-2.990777e-005	2.990777e-005
-2.586207e-002	-1.724138e-003	0.000000e+000	0.000000e+000	0.000000e+000	-2.990672e-005	2.990672e-005
-2.586207e-002	1.724138e-003	0.000000e+000	0.000000e+000	0.000000e+000	-2.990672e-005	2.990672e-005
-2.586207e-002	5.172414e-003	0.000000e+000	-1.694066e-021	0.000000e+000	-2.990777e-005	2.990777e-005
-2.586207e-002	8.620690e-003	0.000000e+000	1.694066e-021	0.000000e+000	-2.990980e-005	2.990980e-005
-2.586207e-002	1.206897e-002	0.000000e+000	1.694066e-021	0.000000e+000	-2.991270e-005	2.991270e-005
-2.586207e-002	1.551724e-002	0.000000e+000	1.694066e-021	0.000000e+000	-2.991627e-005	2.991627e-005
-2.586207e-002	1.896552e-002	0.000000e+000	0.000000e+000	0.000000e+000	-2.992025e-005	2.992025e-005
-2.586207e-002	2.241379e-002	0.000000e+000	-1.694066e-021	0.000000e+000	-2.992426e-005	2.992426e-005
-2.586207e-002	2.586207e-002	0.000000e+000	1.694066e-021	0.000000e+000	-2.992782e-005	2.992782e-005
-2.586207e-002	2.931034e-002	0.000000e+000	1.694066e-021	0.000000e+000	-2.993029e-005	2.993029e-005
-2.586207e-002	3.275862e-002	0.000000e+000	1.694066e-021	0.000000e+000	-2.993086e-005	2.993086e-005
-2.586207e-002	3.620690e-002	0.000000e+000	0.000000e+000	0.000000e+000	-2.992849e-005	2.992849e-005
-2.586207e-002	3.965517e-002	0.000000e+000	1.694066e-021	0.000000e+000	-2.992185e-005	2.992185e-005
-2.586207e-002	4.310345e-002	0.000000e+000	0.000000e+000	0.000000e+000	-2.990929e-005	2.990929e-005
-2.586207e-002	4.655172e-002	0.000000e+000	-1.694066e-021	0.000000e+000	-2.988871e-005	2.988871e-005
-2.586207e-002	5.000000e-002	0.000000e+000	1.694066e-021	0.000000e+000	-2.985747e-005	2.985747e-005
-2.241379e-002	-5.000000e-002	0.000000e+000	0.000000e+000	0.000000e+000	-2.629947e-005	2.629947e-005
-2.241379e-002	-4.655172e-002	0.000000e+000	0.000000e+000	0.000000e+000	-2.632727e-005	2.632727e-005
-2.241379e-002	-4.310345e-002	0.000000e+000	0.000000e+000	0.000000e+000	-2.634564e-005	2.634564e-005
-2.241379e-002	-3.965517e-002	0.000000e+000	1.694066e-021	0.000000e+000	-2.635691e-005	2.635691e-005
-2.241379e-002	-3.620690e-002	0.000000e+000	1.694066e-021	0.000000e+000	-2.636293e-005	2.636293e-005
-2.241379e-002	-3.275862e-002	0.000000e+000	0.000000e+000	0.000000e+000	-2.636517e-005	2.636517e-005
-2.241379e-002	-2.931034e-002	0.000000e+000	0.000000e+000	0.000000e+000	-2.636480e-005	2.636480e-005
-2.241379e-002	-2.586207e-002	0.000000e+000	1.694066e-021	0.000000e+000	-2.636273e-005	2.636273e-005
-2.241379e-002	-2.241379e-002	0.000000e+000	1.694066e-021	0.000000e+000	-2.635969e-005	2.635969e-005
-2.241379e-002	-1.896552e-002	0.000000e+000	-1.694066e-021	0.000000e+000	-2.635623e-005	2.635623e-005
-2.241379e-002	-1.551724e-002	0.000000e+000	0.000000e+000	0.000000e+000	-2.635279e-005	2.635279e-005
-2.241379e-002	-1.206897e-002	0.000000e+000	1.694066e-021	0.000000e+000	-2.634968e-005	2.634968e-005
-2.241379e-002	-8.620690e-003	0.000000e+000	-1.694066e-021	0.000000e+000	-2.634717e-005	2.634717e-005
-2.241379e-002	-5.172414e-003	0.000000e+000	1.694066e-021	0.000000e+000	-2.634540e-005	2.634540e-005
-2.241379e-002	-1.724138e-003	0.000000e+000	0.000000e+000	0.000000e+000	-2.634449e-005	2.634449e-005
-2.241379e-002	1.724138e-003	0.000000e+000	0.000000e+000	0.000000e+000	-2.634449e-005	2.634449e-005
-2.241379e-002	5.172414e-003	0.000000e+000	1.694066e-021	0.000000e+000	-2.634540e-005	2.634540e-005
-2.241379e-002	8.620690e-003	0.000000e+000	-1.694066e-021	0.000000e+000	-2.634717e-005	2.634717e-005
-2.241379e-002	1.206897e-002	0.000000e+000	1.694066e-021	0.000000e+000	-2.634968e-005	2.634968e-005
-2.241379e-002	1.551724e-002	0.000000e+000	0.000000e+000	0.000000e+000	-2.635279e-005	2.635279e-005
-2.241379e-002	1.896552e-002	0.000000e+000	0.000000e+000	0.000000e+000	-2.635623e-005	2.635623e-005
-2.241379e-002	2.241379e-002	0.000000e+000	1.694066e-021	0.000000e+000	-2.635969e-005	2.635969e-005
-2.241379e-002	2.586207e-002	0.000000e+000	1.694066e-021	0.000000e+000	-2.636273e-005	2.636273e-005
-2.241379e-002	2.931034e-002	0.000000e+000	0.000000e+000	0.000000e+000	-2.636480e-005	2.636480e-005
-2.241379e-002	3.275862e-002	0.000000e+000	0.000000e+000	0.000000e+000	-2.636517e-005	2.636517e-005
-2.241379e-002	3.620690e-002	0.000000e+000	1.694066e-021	0.000000e+000	-2.636293e-005	2.636293e-005
-2.241379e-002	3.965517e-002	0.000000e+000	1.694066e-021	0.000000e+000	-2.635691e-005	2.635691e-005
-2.241379e-002	4.310345e-002	0.000000e+000	0.000000e+000	0.000000e+000	-2.634564e-005	2.634564e-005
-2.241379e-002	4.655172e-002	0.000000e+000	0.000000e+000	0.000000e+000	-2.632727e-005	2.632727e-005
-2.241379e-002	5.000000e-002	0.000000e+000	0.000000e+000	0.000000e+000	-2.629947e-005	2.629947e-005
-1.896552e-002	-5.000000e-002	0.000000e+000	0.000000e+000	0.000000e+000	-2.252217e-005	2.252217e-005
-1.896552e-002	-4.655172e-002	0.000000e+000	0.000000e+000	0.000000e+000	-2.254622e-005	2.254622e-005
-1.896552e-002	-4.310345e-002	0.000000e+000	1.694066e-021	0.000000e+000	-2.256215e-005	2.256215e-005
-1.896552e-002	-3.965517e-002	0.000000e+000	0.000000e+000	0.000000e+000	-2.257197e-005	2.257197e-005
-1.896552e-002	-3.620690e-002	0.000000e+000	1.694066e-021	0.000000e+000	-2.257726e-005	2.257726e-005
-1.896552e-002	-3.275862e-002	0.000000e+000	-1.694066e-021	0.000000e+000	-2.257929e-005	2.257929e-005
-1.896552e-002	-2.931034e-002	0.000000e+000	1.694066e-021	0.000000e+000	-2.257906e-005	2.257906e-005
-1.896552e-002	-2.586207e-002	0.000000e+000	0.000000e+000	0.000000e+000	-2.257737e-005	2.257737e-005
-1.896552e-002	-2.241379e-002	0.000000e+000	0.000000e+000	0.000000e+000	-2.257482e-005	2.257482e-005
-1.896552e-002	-1.896552e-002	0.000000e+000	0.000000e+000	0.000000e+000	-2.257191e-005	2.257191e-005
-1.896552e-002	-1.551724e-002	0.000000e+000	0.000000e+000	0.000000e+000	-2.256900e-005	2.256900e-005
-1.896552e-002	-1.206897e-002	0.000000e+000	0.000000e+000	0.000000e+000	-2.256637e-005	2.256637e-005
-1.896552e-002	-8.620690e-003	0.000000e+000	0.000000e+000	0.000000e+000	-2.256424e-005	2.256424e-005
-1.896552e-002	-5.172414e-003	0.000000e+000	-1.694066e-021	0.000000e+000	-2.256274e-005	2.256274e-005
-1.896552e-002	-1.724138e-003	0.000000e+000	0.000000e+000	0.000000e+000	-2.256197e-005	2.256197e-005
-1.896552e-002	1.724138e-003	0.000000e+000	0.000000e+000	0.000000e+000	-2.256197e-005	2.256197e-005
-1.896552e-002	5.172414e-003	0.000000e+000	-1.694066e-021	0.000000e+000	-2.256274e-005	2.256274e-005
-1.896552e-002	8.620690e-003	0.000000e+000	0.000000e+000	0.000000e+000	-2.256424e-005	2.256424e-005
-1.896552e-002	1.206897e-002	0.000000e+000	0.000000e+000	0.000000e+000	-2.256637e-005	2.256637e-005
-1.896552e-002	1.551724e-002	0.000000e+000	0.000000e+000	0.000000e+000	-2.256900e-005	2.256900e-005
-1.896552e-002	1.896552e-002	0.000000e+000	1.694066e-021	0.000000e+000	-2.257191e-005	2.257191e-005
-1.896552e-002	2.241379e-002	0.000000e+000	0.000000e+000	0.000000e+000	-2.257482e-005	2.257482e-005
-1.896552e-002	2.586207e-002	0.000000e+000	0.000000e+000	0.000000e+000	-2.257737e-005	2.257737e-005
-1.896552e-002	2.931034e-002	0.000000e+000	1.694066e-021	0.000000e+000	-2.257906e-005	2.257906e-005
-1.896552e-002	3.275862e-002	0.000000e+000	-1.694066e-021	0.000000e+000	-2.257929e-005	2.257929e-005
-1.896552e-002	3.620690e-002	0.000000e+000	1.694066e-021	0.000000e+000	-2.257726e-005	2.257726e-005
-1.896552e-002	3.965517e-002	0.000000e+000	0.000000e+000	0.000000e+000	-2.257197e-005	2.257197e-005
-1.896552e-002	4.310345e-002	0.000000e+000	1.694066e-021	0.000000e+000	-2.256215e-005	2.256215e-005
-1.896552e-002	4.655172e-002	0.000000e+000	0.000000e+000	0.000000e+000	-2.254622e-005	2.254622e-005
-1.896552e-002	5.000000e-002	0.000000e+000	0.000000e+000	0.000000e+000	-2.252217e-005	2.252217e-005
-1.551724e-002	-5.000000e-002	0.000000e+000	0.000000e+000	0.000000e+000	-1.858186e-005	1.858186e-005
-1.551724e-002	-4.655172e-002	0.000000e+000	-1.694066e-021	0.000000e+000	-1.860189e-005	1.860189e-005
-1.551724e-002	-4.310345e-002	0.000000e+000	0.000000e+000	0.000000e+000	-1.861520e-005	1.861520e-005
-1.551724e-002	-3.965517e-002	0.000000e+000	0.000000e+000	0.000000e+000	-1.862342e-005	1.862342e-005
-1.551724e-002	-3.620690e-002	0.000000e+000	0.000000e+000	0.000000e+000	-1.862788e-005	1.862788e-005
-1.551724e-002	-3.275862e-002	0.000000e+000	-1.694066e-021	0.000000e+000	-1.862964e-005	1.862964e-005
-1.551724e-002	-2.931034e-002	0.000000e+000	0.000000e+000	0.000000e+000	-1.862951e-005	1.862951e-005
-1.551724e-002	-2.586207e-002	0.000000e+000	0.000000e+000	0.000000e+000	-1.862816e-005	1.862816e-005
-1.551724e-002	-2.241379e-002	0.000000e+000	-1.694066e-021	0.000000e+000	-1.862610e-005	1.862610e-005
-1.551724e-002	-1.896552e-002	0.000000e+000	0.000000e+000	0.000000e+000	-1.862372e-005	1.862372e-005
-1.551724e-002	-1.551724e-002	0.000000e+000	0.000000e+000	0.000000e+000	-1.862135e-005	1.862135e-005
-1.551724e-002	-1.206897e-002	0.000000e+000	1.694066e-021	0.000000e+000	-1.861919e-005	1.861919e-005
-1.551724e-002	-8.620690e-003	0.000000e+000	0.000000e+000	0.000000e+000	-1.861744e-005	1.861744e-005
-1.551724e-002	-5.172414e-003	0.000000e+000	-1.694066e-021	0.000000e+000	-1.861621e-005	1.861621e-005
-1.551724e-002	-1.724138e-003	0.000000e+000	-1.694066e-021	0.000000e+000	-1.861558e-005	1.861558e-005
-1.551724e-002	1.724138e-003	0.000000e+000	-1.694066e-021	0.000000e+000	-1.861558e-005	1.861558e-005
-1.551724e-002	5.172414e-003	0.000000e+000	-1.694066e-021	0.000000e+000	-1.861621e-005	1.861621e-005
-1.551724e-002	8.620690e-003	0.000000e+000	0.000000e+000	0.000000e+000	-1.861744e-005	1.861744e-005
-1.551724e-002	1.206897e-002	0.000000e+000	1.694066e-021	0.000000e+000	-1.861919e-005	1.861919e-005
-1.551724e-002	1.551724e-002	0.000000e+000	0.000000e+000	0.000000e+000	-1.862135e-005	1.862135e-005
-1.551724e-002	1.896552e-002	0.000000e+000	0.000000e+000	0.000000e+000	-1.862372e-005	1.862372e-005
-1.551724e-002	2.241379e-002	0.000000e+000	-1.694066e-021	0.000000e+000	-1.862610e-005	1.862610e-005
-1.551724e-002	2.586207e-002	0.000000e+000	0.000000e+000	0.000000e+000	-1.862816e-005	1.862816e-005
-1.551724e-002	2.931034e-002	0.000000e+000	0.000000e+000	0.000000e+000	-1.862951e-005	1.862951e-005
-1.551724e-002	3.275862e-002	0.000000e+000	-1.694066e-021	0.000000e+000	-1.862964e-005	1.862964e-005
-1.551724e-002	3.620690e-002	0.000000e+000	0.000000e+000	0.000000e+000	-1.862788e-005	1.862788e-005
-1.551724e-002	3.965517e-002	0.000000e+000	1.694066e-021	0.000000e+000	-1.862342e-005	1.862342e-005
-1.551724e-002	4.310345e-002	0.000000e+000	0.000000e+000	0.000000e+000	-1.861520e-005	1.861520e-005
-1.551724e-002	4.655172e-002	0.000000e+000	-1.694066e-021	0.000000e+000	-1.860189e-005	1.860189e-005
-1.551724e-002	5.000000e-002	0.000000e+000	0.000000e+000	0.000000e+000	-1.858186e-005	1.858186e-005
-1.206897e-002	-5.000000e-002	0.000000e+000	0.000000e+000	0.000000e+000	-1.453081e-005	1.453081e-005
-1.206897e-002	-4.655172e-002	0.000000e+000	-1.694066e-021	0.000000e+000	-1.454662e-005	1.454662e-005
-1.206897e-002	-4.310345e-002	0.000000e+000	0.000000e+000	0.000000e+000	-1.455713e-005	1.455713e-005
-1.206897e-002	-3.965517e-002	0.000000e+000	0.000000e+000	0.000000e+000	-1.456365e-005	1.456365e-005
-1.206897e-002	-3.620690e-002	0.000000e+000	1.694066e-021	0.000000e+000	-1.456720e-005	1.456720e-005
-1.206897e-002	-3.275862e-002	0.000000e+000	1.694066e-021	0.000000e+000	-1.456862e-005	1.456862e-005
-1.206897e-002	-2.931034e-002	0.000000e+000	-1.694066e-021	0.000000e+000	-1.456856e-005	1.456856e-005
-1.206897e-002	-2.586207e-002	0.000000e+000	1.694066e-021	0.000000e+000	-1.456754e-005	1.456754e-005
-1.206897e-002	-2.241379e-002	0.000000e+000	0.000000e+000	0.000000e+000	-1.456595e-005	1.456595e-005
-1.206897e-002	-1.896552e-002	0.000000e+000	0.000000e+000	0.000000e+000	-1.456410e-005	1.456410e-005
-1.206897e-002	-1.551724e-002	0.000000e+000	1.694066e-021	0.000000e+000	-1.456226e-005	1.456226e-005
-1.206897e-002	-1.206897e-002	0.000000e+000	0.000000e+000	0.000000e+000	-1.456058e-005	1.456058e-005
-1.206897e-002	-8.620690e-003	0.000000e+000	-1.694066e-021	0.000000e+000	-1.455922e-005	1.455922e-005
-1.206897e-002	-5.172414e-003	0.000000e+000	0.000000e+000	0.000000e+000	-1.455826e-005	1.455826e-005
-1.206897e-002	-1.724138e-003	0.000000e+000	0.000000e+000	0.000000e+000	-1.455777e-005	1.455777e-005
-1.206897e-002	1.724138e-003	0.000000e+000	0.000000e+000	0.000000e+000	-1.455777e-005	1.455777e-005
-1.206897e-002	5.172414e-003	0.000000e+000	0.000000e+000	0.000000e+000	-1.455826e-005	1.455826e-005
-1.206897e-002	8.620690e-003	0.000000e+000	0.000000e+000	0.000000e+000	-1.455922e-005	1.455922e-005
-1.206897e-002	1.206897e-002	0.000000e+000	0.000000e+000	0.000000e+000	-1.456058e-005	1.456058e-005
-1.206897e-002	1.551724e-002	0.000000e+000	1.694066e-021	0.000000e+000	-1.456226e-005	1.456226e-005
-1.206897e-002	1.896552e-002	0.000000e+000	0.000000e+000	0.000000e+000	-1.456410e-005	1.456410e-005
-1.206897e-002	2.241379e-002	0.000000e+000	0.000000e+000	0.000000e+000	-1.456595e-005	1.456595e-005
-1.206897e-002	2.586207e-002	0.000000e+000	1.694066e-021	0.000000e+000	-1.456754e-005	1.456754e-005
-1.206897e-002	2.931034e-002	0.000000e+000	-1.694066e-021	0.000000e+000	-1.456856e-005	1.456856e-005
-1.206897e-002	3.275862e-002	0.000000e+000	1.694066e-021	0.000000e+000	-1.456862e-005	1.456862e-005
-1.206897e-002	3.620690e-002	0.000000e+000	1.694066e-021	0.000000e+000	-1.456720e-005	1.456720e-005
-1.206897e-002	3.965517e-002	0.000000e+000	0.000000e+000	0.000000e+000	-1.456365e-005	1.456365e-005
-1.206897e-002	4.310345e-002	0.000000e+000	0.000000e+000	0.000000e+000	-1.455713e-005	1.455713e-005
-1.206897e-002	4.655172e-002	0.000000e+000	-1.694066e-021	0.000000e+000	-1.454662e-005	1.454662e-005
-1.206897e-002	5.000000e-002	0.000000e+000	0.000000e+000	0.000000e+000	-1.453081e-005	1.453081e-005
-8.620690e-003	-5.000000e-002	0.000000e+000	-1.694066e-021	0.000000e+000	-1.041230e-005	1.041230e-005
-8.620690e-003	-4.655172e-002	0.000000e+000	1.694066e-021	0.000000e+000	-1.042371e-005	1.042371e-005
-8.620690e-003	-4.310345e-002	0.000000e+000	0.000000e+000	0.000000e+000	-1.043131e-005	1.043131e-005
-8.620690e-003	-3.965517e-002	0.000000e+000	0.000000e+000	0.000000e+000	-1.043603e-005	1.043603e-005
-8.620690e-003	-3.620690e-002	0.000000e+000	-1.694066e-021	0.000000e+000	-1.043861e-005	1.043861e-005
-8.620690e-003	-3.275862e-002	0.000000e+000	1.694066e-021	0.000000e+000	-1.043966e-005	1.043966e-005
-8.620690e-003	-2.931034e-002	0.000000e+000	-1.694066e-021	0.000000e+000	-1.043964e-005	1.043964e-005
-8.620690e-003	-2.586207e-002	0.000000e+000	-1.694066e-021	0.000000e+000	-1.043892e-005	1.043892e-005
-8.620690e-003	-2.241379e-002	0.000000e+000	0.000000e+000	0.000000e+000	-1.043779e-005	1.043779e-005
-8.620690e-003	-1.896552e-002	0.000000e+000	0.000000e+000	0.000000e+000	-1.043647e-005	1.043647e-005
-8.620690e-003	-1.551724e-002	0.000000e+000	-1.694066e-021	0.000000e+000	-1.043515e-005	1.043515e-005
-8.620690e-003	-1.206897e-002	0.000000e+000	0.000000e+000	0.000000e+000	-1.043396e-005	1.043396e-005
-8.620690e-003	-8.620690e-003	0.000000e+000	-1.694066e-021	0.000000e+000	-1.043298e-005	1.043298e-005
-8.620690e-003	-5.172414e-003	0.000000e+000	1.694066e-021	0.000000e+000	-1.043230e-005	1.043230e-005
-8.620690e-003	-1.724138e-003	0.000000e+000	0.000000e+000	0.000000e+000	-1.043194e-005	1.043194e-005
-8.620690e-003	1.724138e-003	0.000000e+000	0.000000e+000	0.000000e+000	-1.043194e-005	1.043194e-005
-8.620690e-003	5.172414e-003	0.000000e+000	1.694066e-021	0.000000e+000	-1.043230e-005	1.043230e-005
-8.620690e-003	8.620690e-003	0.000000e+000	-1.694066e-021	0.000000e+000	-1.043298e-005	1.043298e-005
-8.620690e-003	1.206897e-002	0.000000e+000	0.000000e+000	0.000000e+000	-1.043396e-005	1.043396e-005
-8.620690e-003	1.551724e-002	0.000000e+000	-1.694066e-021	0.000000e+000	-1.043515e-005	1.043515e-005
-8.620690e-003	1.896552e-002	0.000000e+000	1.694066e-021	0.000000e+000	-1.043647e-005	1.043647e-005
-8.620690e-003	2.241379e-002	0.000000e+000	0.000000e+000	0.000000e+000	-1.043779e-005	1.043779e-005
-8.620690e-003	2.586207e-002	0.000000e+000	0.000000e+000	0.000000e+000	-1.043892e-005	1.043892e-005
-8.620690e-003	2.931034e-002	0.000000e+000	-1.694066e-021	0.000000e+000	-1.043964e-005	1.043964e-005
-8.620690e-003	3.275862e-002	0.000000e+000	1.694066e-021	0.000000e+000	-1.043966e-005	1.043966e-005
-8.620690e-003	3.620690e-002	0.000000e+000	-1.694066e-021	0.000000e+000	-1.043861e-005	1.043861e-005
-8.620690e-003	3.965517e-002	0.000000e+000	0.000000e+000	0.000000e+000	-1.043603e-005	1.043603e-005
-8.620690e-003	4.310345e-002	0.000000e+000	0.000000e+000	0.000000e+000	-1.043131e-005	1.043131e-005
-8.620690e-003	4.655172e-002	0.000000e+000	1.694066e-021	0.000000e+000	-1.042371e-005	1.042371e-005
-8.620690e-003	5.000000e-002	0.000000e+000	-1.694066e-021	0.000000e+000	-1.041230e-005	1.041230e-005
-5.172414e-003	-5.000000e-002	0.000000e+000	1.694066e-021	0.000000e+000	-6.257827e-006	6.257827e-006
-5.172414e-003	-4.655172e-002	0.000000e+000	-1.694066e-021	0.000000e+000	-6.264722e-006	6.264722e-006
-5.172414e-003	-4.310345e-002	0.000000e+000	0.000000e+000	0.000000e+000	-6.269317e-006	6.269317e-006
-5.172414e-003	-3.965517e-002	0.000000e+000	-1.694066e-021	0.000000e+000	-6.272174e-006	6.272174e-006
-5.172414e-003	-3.620690e-002	0.000000e+000	1.694066e-021	0.000000e+000	-6.273744e-006	6.273744e-006
-5.172414e-003	-3.275862e-002	0.000000e+000	0.000000e+000	0.000000e+000	-6.274384e-006	6.274384e-006
-5.172414e-003	-2.931034e-002	0.000000e+000	-1.694066e-021	0.000000e+000	-6.274378e-006	6.274378e-006
-5.172414e-003	-2.586207e-002	0.000000e+000	0.000000e+000	0.000000e+000	-6.273950e-006	6.273950e-006
-5.172414e-003	-2.241379e-002	0.000000e+000	0.000000e+000	0.000000e+000	-6.273275e-006	6.273275e-006
-5.172414e-003	-1.896552e-002	0.000000e+000	-1.694066e-021	0.000000e+000	-6.272489e-006	6.272489e-006
-5.172414e-003	-1.551724e-002	0.000000e+000	0.000000e+000	0.000000e+000	-6.271698e-006	6.271698e-006
-5.172414e-003	-1.206897e-002	0.000000e+000	-1.694066e-021	0.000000e+000	-6.270980e-006	6.270980e-006
-5.172414e-003	-8.620690e-003	0.000000e+000	1.694066e-021	0.000000e+000	-6.270395e-006	6.270395e-006
-5.172414e-003	-5.172414e-003	0.000000e+000	-1.694066e-021	0.000000e+000	-6.269983e-006	6.269983e-006
-5.172414e-003	-1.724138e-003	0.000000e+000	1.694066e-021	0.000000e+000	-6.269771e-006	6.269771e-006
-5.172414e-003	1.724138e-003	0.000000e+000	1.694066e-021	0.000000e+000	-6.269771e-006	6.269771e-006
-5.172414e-003	5.172414e-003	0.000000e+000	-1.694066e-021	0.000000e+000	-6.269983e-006	6.269983e-006
-5.172414e-003	8.620690e-003	0.000000e+000	0.000000e+000	0.000000e+000	-6.270395e-006	6.270395e-006
-5.172414e-003	1.206897e-002	0.000000e+000	-1.694066e-021	0.000000e+000	-6.270980e-006	6.270980e-006
-5.172414e-003	1.551724e-002	0.000000e+000	0.000000e+000	0.000000e+000	-6.271698e-006	6.271698e-006
-5.172414e-003	1.896552e-002	0.000000e+000	0.000000e+000	0.000000e+000	-6.272489e-006	6.272489e-006
-5.172414e-003	2.241379e-002	0.000000e+000	0.000000e+000	0.000000e+000	-6.273275e-006	6.273275e-006
-5.172414e-003	2.586207e-002	0.000000e+000	0.000000e+000	0.000000e+000	-6.273950e-006	6.273950e-006
-5.172414e-003	2.931034e-002	0.000000e+000	-1.694066e-021	0.000000e+000	-6.274378e-006	6.274378e-006
-5.172414e-003	3.275862e-002	0.000000e+000	0.000000e+000	0.000000e+000	-6.274384e-006	6.274384e-006
-5.172414e-003	3.620690e-002	0.000000e+000	1.694066e-021	0.000000e+000	-6.273744e-006	6.273744e-006
-5.172414e-003	3.965517e-002	0.000000e+000	0.000000e+000	0.000000e+000	-6.272174e-006	6.272174e-006
-5.172414e-003	4.310345e-002	0.000000e+000	0.000000e+000	0.000000e+000	-6.269317e-006	6.269317e-006
-5.172414e-003	4.655172e-002	0.000000e+000	-1.694066e-021	0.000000e+000	-6.264722e-006	6.264722e-006
-5.172414e-003	5.000000e-002	0.000000e+000	1.694066e-021	0.000000e+000	-6.257827e-006	6.257827e-006
-1.724138e-003	-5.000000e-002	0.000000e+000	0.000000e+000	0.000000e+000	-2.087381e-006	2.087381e-006
-1.724138e-003	-4.655172e-002	0.000000e+000	0.000000e+000	0.000000e+000	-2.089687e-006	2.089687e-006
-1.724138e-003	-4.310345e-002	0.000000e+000	1.694066e-021	0.000000e+000	-2.091225e-006	2.091225e-006
-1.724138e-003	-3.965517e-002	0.000000e+000	0.000000e+000	0.000000e+000	-2.092181e-006	2.092181e-006
-1.724138e-003	-3.620690e-002	0.000000e+000	0.000000e+000	0.000000e+000	-2.092707e-006	2.092707e-006
-1.724138e-003	-3.275862e-002	0.000000e+000	-1.694066e-021	0.000000e+000	-2.092923e-006	2.092923e-006
-1.724138e-003	-2.931034e-002	0.000000e+000	0.000000e+000	0.000000e+000	-2.092922e-006	2.092922e-006
-1.724138e-003	-2.586207e-002	0.000000e+000	0.000000e+000	0.000000e+000	-2.092780e-006	2.092780e-006
-1.724138e-003	-2.241379e-002	0.000000e+000	-1.694066e-021	0.000000e+000	-2.092556e-006	2.092556e-006
-1.724138e-003	-1.896552e-002	0.000000e+000	-1.694066e-021	0.000000e+000	-2.092294e-006	2.092294e-006
-1.724138e-003	-1.551724e-002	0.000000e+000	1.694066e-021	0.000000e+000	-2.092030e-006	2.092030e-006
-1.724138e-003	-1.206897e-002	0.000000e+000	1.694066e-021	0.000000e+000	-2.091791e-006	2.091791e-006
-1.724138e-003	-8.620690e-003	0.000000e+000	1.694066e-021	0.000000e+000	-2.091596e-006	2.091596e-006
-1.724138e-003	-5.172414e-003	0.000000e+000	1.694066e-021	0.000000e+000	-2.091459e-006	2.091459e-006
-1.724138e-003	-1.724138e-003	0.000000e+000	0.000000e+000	0.000000e+000	-2.091388e-006	2.091388e-006
-1.724138e-003	1.724138e-003	0.000000e+000	0.000000e+000	0.000000e+000	-2.091388e-006	2.091388e-006
-1.724138e-003	5.172414e-003	0.000000e+000	0.000000e+000	0.000000e+000	-2.091459e-006	2.091459e-006
-1.724138e-003	8.620690e-003	0.000000e+000	1.694066e-021	0.000000e+000	-2.091596e-006	2.091596e-006
-1.724138e-003	1.206897e-002	0.000000e+000	1.694066e-021	0.000000e+000	-2.091791e-006	2.091791e-006
-1.724138e-003	1.551724e-002	0.000000e+000	1.694066e-021	0.000000e+000	-2.092030e-006	2.092030e-006
-1.724138e-003	1.896552e-002	0.000000e+000	0.000000e+000	0.000000e+000	-2.092294e-006	2.092294e-006
-1.724138e-003	2.241379e-002	0.000000e+000	-1.694066e-021	0.000000e+000	-2.092556e-006	2.092556e-006
-1.724138e-003	2.586207e-002	0.000000e+000	-1.694066e-021	0.000000e+000	-2.092780e-006	2.092780e-006
-1.724138e-003	2.931034e-002	0.000000e+000	0.000000e+000	0.000000e+000	-2.092922e-006	2.092922e-006
-1.724138e-003	3.275862e-002	0.000000e+000	-1.694066e-021	0.000000e+000	-2.092923e-006	2.092923e-006
-1.724138e-003	3.620690e-002	0.000000e+000	0.000000e+000	0.000000e+000	-2.092707e-006	2.092707e-006
-1.724138e-003	3.965517e-002	0.000000e+000	0.000000e+000	0.000000e+000	-2.092181e-006	2.092181e-006
-1.724138e-003	4.310345e-002	0.000000e+000	1.694066e-021	0.000000e+000	-2.091225e-006	2.091225e-006
-1.724138e-003	4.655172e-002	0.000000e+000	0.000000e+000	0.000000e+000	-2.089687e-006	2.089687e-006
-1.724138e-003	5.000000e-002	0.000000e+000	0.000000e+000	0.000000e+000	-2.087381e-006	2.087381e-006
1.724138e-003	-5.000000e-002	0.000000e+000	0.000000e+000	0.000000e+000	2.087381e-006	2.087381e-006
1.724138e-003	-4.655172e-002	0.000000e+000	0.000000e+000	0.000000e+000	2.089687e-006	2.089687e-006
1.724138e-003	-4.310345e-002	0.000000e+000	1.694066e-021	0.000000e+000	2.091225e-006	2.091225e-006
1.724138e-003	-3.965517e-002	0.000000e+000	0.000000e+000	0.000000e+000	2.092181e-006	2.092181e-006
1.724138e-003	-3.620690e-002	0.000000e+000	-1.694066e-021	0.000000e+000	2.092707e-006	2.092707e-006
1.724138e-003	-3.275862e-002	0.000000e+000	0.000000e+000	0.000000e+000	2.092923e-006	2.092923e-006
1.724138e-003	-2.931034e-002	0.000000e+000	0.000000e+000	0.000000e+000	2.092922e-006	2.092922e-006
1.724138e-003	-2.586207e-002	0.000000e+000	0.000000e+000	0.000000e+000	2.092780e-006	2.092780e-006
1.724138e-003	-2.241379e-002	0.000000e+000	-1.694066e-021	0.000000e+000	2.092556e-006	2.092556e-006
1.724138e-003	-1.896552e-002	0.000000e+000	-1.694066e-021	0.000000e+000	2.092294e-006	2.092294e-006
1.724138e-003	-1.551724e-002	0.000000e+000	1.694066e-021	0.000000e+000	2.092030e-006	2.092030e-006
1.724138e-003	-1.206897e-002	0.000000e+000	0.000000e+000	0.000000e+000	2.091791e-006	2.091791e-006
1.724138e-003	-8.620690e-003	0.000000e+000	0.000000e+000	0.000000e+000	2.091596e-006	2.091596e-006
1.724138e-003	-5.172414e-003	0.000000e+000	1.694066e-021	0.000000e+000	2.091459e-006	2.091459e-006
1.724138e-003	-1.724138e-003	0.000000e+000	0.000000e+000	0.000000e+000	2.091388e-006	2.091388e-006
1.724138e-003	1.724138e-003	0.000000e+000	0.000000e+000	0.000000e+000	2.091388e-006	2.091388e-006
1.724138e-003	5.172414e-003	0.000000e+000	0.000000e+000	0.000000e+000	2.091459e-006	2.091459e-006
1.724138e-003	8.620690e-003	0.000000e+000	0.000000e+000	0.000000e+000	2.091596e-006	2.091596e-006
1.724138e-003	1.206897e-002	0.000000e+000	0.000000e+000	0.000000e+000	2.091791e-006	2.091791e-006
1.724138e-003	1.551724e-002	0.000000e+000	1.694066e-021	0.000000e+000	2.092030e-006	2.092030e-006
1.724138e-003	1.896552e-002	0.000000e+000	-1.694066e-021	0.000000e+000	2.092294e-006	2.092294e-006
1.724138e-003	2.241379e-002	0.000000e+000	-1.694066e-021	0.000000e+000	2.092556e-006	2.092556e-006
1.724138e-003	2.586207e-002	0.000000e+000	-1.694066e-021	0.000000e+000	2.092780e-006	2.092780e-006
1.724138e-003	2.931034e-002	0.000000e+000	0.000000e+000	0.000000e+000	2.092922e-006	2.092922e-006
1.724138e-003	3.275862e-002	0.000000e+000	-1.694066e-021	0.000000e+000	2.092923e-006	2.092923e-006
1.724138e-003	3.620690e-002	0.000000e+000	-1.694066e-021	0.000000e+000	2.092707e-006	2.092707e-006
1.724138e-003	3.965517e-002	0.000000e+000	0.000000e+000	0.000000e+000	2.092181e-006	2.092181e-006
1.724138e-003	4.310345e-002	0.000000e+000	1.694066e-021	0.000000e+000	2.091225e-006	2.091225e-006
1.724138e-003	4.655172e-002	0.000000e+000	0.000000e+000	0.000000e+000	2.089687e-006	2.089687e-006
1.724138e-003	5.000000e-002	0.000000e+000	0.000000e+000	0.000000e+000	2.087381e-006	2.087381e-006
5.172414e-003	-5.000000e-002	0.000000e+000	0.000000e+000	0.000000e+000	6.257827e-006	6.257827e-006
5.172414e-003	-4.655172e-002	0.000000e+000	1.694066e-021	0.000000e+000	6.264722e-006	6.264722e-006
5.172414e-003	-4.310345e-002	0.000000e+000	0.000000e+000	0.000000e+000	6.269317e-006	6.269317e-006
5.172414e-003	-3.965517e-002	0.000000e+000	-1.694066e-021	0.000000e+000	6.272174e-006	6.272174e-006
5.172414e-003	-3.620690e-002	0.000000e+000	0.000000e+000	0.000000e+000	6.273744e-006	6.273744e-006
5.172414e-003	-3.275862e-002	0.000000e+000	1.694066e-021	0.000000e+000	6.274384e-006	6.274384e-006
5.172414e-003	-2.931034e-002	0.000000e+000	-1.694066e-021	0.000000e+000	6.274378e-006	6.274378e-006
5.172414e-003	-2.586207e-002	0.000000e+000	-1.694066e-021	0.000000e+000	6.273950e-006	6.273950e-006
5.172414e-003	-2.241379e-002	0.000000e+000	0.000000e+000	0.000000e+000	6.273275e-006	6.273275e-006
5.172414e-003	-1.896552e-002	0.000000e+000	0.000000e+000	0.000000e+000	6.272489e-006	6.272489e-006
5.172414e-003	-1.551724e-002	0.000000e+000	1.694066e-021	0.000000e+000	6.271698e-006	6.271698e-006
5.172414e-003	-1.206897e-002	0.000000e+000	0.000000e+000	0.000000e+000	6.270980e-006	6.270980e-006
5.172414e-003	-8.620690e-003	0.000000e+000	1.694066e-021	0.000000e+000	6.270395e-006	6.270395e-006
5.172414e-003	-5.172414e-003	0.000000e+000	0.000000e+000	0.000000e+000	6.269983e-006	6.269983e-006
5.172414e-003	-1.724138e-003	0.000000e+000	0.000000e+000	0.000000e+000	6.269771e-006	6.269771e-006
5.172414e-003	1.724138e-003	0.000000e+000	0.000000e+000	0.000000e+000	6.269771e-006	6.269771e-006
5.172414e-003	5.172414e-003	0.000000e+000	-1.694066e-021	0.000000e+000	6.269983e-006	6.269983e-006
5.172414e-003	8.620690e-003	0.000000e+000	1.694066e-021	0.000000e+000	6.270395e-006	6.270395e-006
5.172414e-003	1.206897e-002	0.000000e+000	0.000000e+000	0.000000e+000	6.270980e-006	6.270980e-006
5.172414e-003	1.551724e-002	0.000000e+000	1.694066e-021	0.000000e+000	6.271698e-006	6.271698e-006
5.172414e-003	1.896552e-002	0.000000e+000	1.694066e-021	0.000000e+000	6.272489e-006	6.272489e-006
5.172414e-003	2.241379e-002	0.000000e+000	0.000000e+000	0.000000e+000	6.273275e-006	6.273275e-006
5.172414e-003	2.586207e-002	0.000000e+000	0.000000e+000	0.000000e+000	6.273950e-006	6.273950e-006
5.172414e-003	2.931034e-002	0.000000e+000	-1.694066e-021	0.000000e+000	6.274378e-006	6.274378e-006
5.172414e-003	3.275862e-002	0.000000e+000	0.000000e+000	0.000000e+000	6.274384e-006	6.274384e-006
5.172414e-003	3.620690e-002	0.000000e+000	0.000000e+000	0.000000e+000	6.273744e-006	6.273744e-006
5.172414e-003	3.965517e-002	0.000000e+000	1.694066e-021	0.000000e+000	6.272174e-006	6.272174e-006
5.172414e-003	4.310345e-002	0.000000e+000	0.000000e+000	0.000000e+000	6.269317e-006	6.269317e-006
5.172414e-003	4.655172e-002	0.000000e+000	1.694066e-021	0.000000e+000	6.264722e-006	6.264722e-006
5.172414e-003	5.000000e-002	0.000000e+000	0.000000e+000	0.000000e+000	6.257827e-006	6.257827e-006
8.620690e-003	-5.000000e-002	0.000000e+000	0.000000e+000	0.000000e+000	1.041230e-005	1.041230e-005
8.620690e-003	-4.655172e-002	0.000000e+000	1.694066e-021	0.000000e+000	1.042371e-005	1.042371e-005
8.620690e-003	-4.310345e-002	0.000000e+000	0.000000e+000	0.000000e+000	1.043131e-005	1.043131e-005
8.620690e-003	-3.965517e-002	0.000000e+000	1.694066e-021	0.000000e+000	1.043603e-005	1.043603e-005
8.620690e-003	-3.620690e-002	0.000000e+000	0.000000e+000	0.000000e+000	1.043861e-005	1.043861e-005
8.620690e-003	-3.275862e-002	0.000000e+000	0.000000e+000	0.000000e+000	1.043966e-005	1.043966e-005
8.620690e-003	-2.931034e-002	0.000000e+000	0.000000e+000	0.000000e+000	1.043964e-005	1.043964e-005
8.620690e-003	-2.586207e-002	0.000000e+000	1.694066e-021	0.000000e+000	1.043892e-005	1.043892e-005
8.620690e-003	-2.241379e-002	0.000000e+000	-1.694066e-021	0.000000e+000	1.043779e-005	1.043779e-005
8.620690e-003	-1.896552e-002	0.000000e+000	-1.694066e-021	0.000000e+000	1.043647e-005	1.043647e-005
8.620690e-003	-1.551724e-002	0.000000e+000	-1.694066e-021	0.000000e+000	1.043515e-005	1.043515e-005
8.620690e-003	-1.206897e-002	0.000000e+000	0.000000e+000	0.000000e+000	1.043396e-005	1.043396e-005
8.620690e-003	-8.620690e-003	0.000000e+000	0.000000e+000	0.000000e+000	1.043298e-005	1.043298e-005
8.620690e-003	-5.172414e-003	0.000000e+000	-1.694066e-021	0.000000e+000	1.043230e-005	1.043230e-005
8.620690e-003	-1.724138e-003	0.000000e+000	0.000000e+000	0.000000e+000	1.043194e-005	1.043194e-005
8.620690e-003	1.724138e-003	0.000000e+000	0.000000e+000	0.000000e+000	1.043194e-005	1.043194e-005
8.620690e-003	5.172414e-003	0.000000e+000	-1.694066e-021	0.000000e+000	1.043230e-005	1.043230e-005
8.620690e-003	8.620690e-003	0.000000e+000	0.000000e+000	0.000000e+000	1.043298e-005	1.043298e-005
8.620690e-003	1.206897e-002	0.000000e+000	0.000000e+000	0.000000e+000	1.043396e-005	1.043396e-005
8.620690e-003	1.551724e-002	0.000000e+000	-1.694066e-021	0.000000e+000	1.043515e-005	1.043515e-005
8.620690e-003	1.896552e-002	0.000000e+000	-1.694066e-021	0.000000e+000	1.043647e-005	1.043647e-005
8.620690e-003	2.241379e-002	0.000000e+000	-1.694066e-021	0.000000e+000	1.043779e-005	1.043779e-005
8.620690e-003	2.586207e-002	0.000000e+000	1.694066e-021	0.000000e+000	1.043892e-005	1.043892e-005
8.620690e-003	2.931034e-002	0.000000e+000	0.000000e+000	0.000000e+000	1.043964e-005	1.043964e-005
8.620690e-003	3.275862e-002	0.000000e+000	0.000000e+000	0.000000e+000	1.043966e-005	1.043966e-005
8.620690e-003	3.620690e-002	0.000000e+000	0.000000e+000	0.000000e+000	1.043861e-005	1.043861e-005
8.620690e-003	3.965517e-002	0.000000e+000	1.694066e-021	0.000000e+000	1.043603e-005	1.043603e-005
8.620690e-003	4.310345e-002	0.000000e+000	0.000000e+000	0.000000e+000	1.043131e-005	1.043131e-005
8.620690e-003	4.655172e-002	0.000000e+000	1.694066e-021	0.000000e+000	1.042371e-005	1.042371e-005
8.620690e-003	5.000000e-002	0.000000e+000	0.000000e+000	0.000000e+000	1.041230e-005	1.041230e-005
1.206897e-002	-5.000000e-002	0.000000e+000	0.000000e+000	0.000000e+000	1.453081e-005	1.453081e-005
1.206897e-002	-4.655172e-002	0.000000e+000	0.000000e+000	0.000000e+000	1.454662e-005	1.454662e-005
1.206897e-002	-4.310345e-002	0.000000e+000	1.694066e-021	0.000000e+000	1.455713e-005	1.455713e-005
1.206897e-002	-3.965517e-002	0.000000e+000	0.000000e+000	0.000000e+000	1.456365e-005	1.456365e-005
1.206897e-002	-3.620690e-002	0.000000e+000	1.694066e-021	0.000000e+000	1.456720e-005	1.456720e-005
1.206897e-002	-3.275862e-002	0.000000e+000	0.000000e+000	0.000000e+000	1.456862e-005	1.456862e-005
1.206897e-002	-2.931034e-002	0.000000e+000	1.694066e-021	0.000000e+000	1.456856e-005	1.456856e-005
1.206897e-002	-2.586207e-002	0.000000e+000	1.694066e-021	0.000000e+000	1.456754e-005	1.456754e-005
1.206897e-002	-2.241379e-002	0.000000e+000	0.000000e+000	0.000000e+000	1.456595e-005	1.456595e-005
1.206897e-002	-1.896552e-002	0.000000e+000	1.694066e-021	0.000000e+000	1.456410e-005	1.456410e-005
1.206897e-002	-1.551724e-002	0.000000e+000	0.000000e+000	0.000000e+000	1.456226e-005	1.456226e-005
1.206897e-002	-1.206897e-002	0.000000e+000	0.000000e+000	0.000000e+000	1.456058e-005	1.456058e-005
1.206897e-002	-8.620690e-003	0.000000e+000	0.000000e+000	0.000000e+000	1.455922e-005	1.455922e-005
1.206897e-002	-5.172414e-003	0.000000e+000	0.000000e+000	0.000000e+000	1.455826e-005	1.455826e-005
1.206897e-002	-1.724138e-003	0.000000e+000	0.000000e+000	0.000000e+000	1.455777e-005	1.455777e-005
1.206897e-002	1.724138e-003	0.000000e+000	0.000000e+000	0.000000e+000	1.455777e-005	1.455777e-005
1.206897e-002	5.172414e-003	0.000000e+000	0.000000e+000	0.000000e+000	1.455826e-005	1.455826e-005
1.206897e-002	8.620690e-003	0.000000e+000	0.000000e+000	0.000000e+000	1.455922e-005	1.455922e-005
1.206897e-002	1.206897e-002	0.000000e+000	0.000000e+000	0.000000e+000	1.456058e-005	1.456058e-005
1.206897e-002	1.551724e-002	0.000000e+000	0.000000e+000	0.000000e+000	1.456226e-005	1.456226e-005
1.206897e-002	1.896552e-002	0.000000e+000	1.694066e-021	0.000000e+000	1.456410e-005	1.456410e-005
1.206897e-002	2.241379e-002	0.000000e+000	0.000000e+000	0.000000e+000	1.456595e-005	1.456595e-005
1.206897e-002	2.586207e-002	0.000000e+000	1.694066e-021	0.000000e+000	1.456754e-005	1.456754e-005
1.206897e-002	2.931034e-002	0.000000e+000	1.694066e-021	0.000000e+000	1.456856e-005	1.456856e-005
1.206897e-002	3.275862e-002	0.000000e+000	0.000000e+000	0.000000e+000	1.456862e-005	1.456862e-005
1.206897e-002	3.620690e-002	0.000000e+000	1.694066e-021	0.000000e+000	1.456720e-005	1.456720e-005
1.206897e-002	3.965517e-002	0.000000e+000	-1.694066e-021	0.000000e+000	1.456365e-005	1.456365e-005
1.206897e-002	4.310345e-002	0.000000e+000	1.694066e-021	0.000000e+000	1.455713e-005	1.455713e-005
1.206897e-002	4.655172e-002	0.000000e+000	0.000000e+000	0.000000e+000	1.454662e-005	1.454662e-005
1.206897e-002	5.000000e-002	0.000000e+000	0.000000e+000	0.000000e+000	1.453081e-005	1.453081e-005
1.551724e-002	-5.000000e-002	0.000000e+000	-1.694066e-021	0.000000e+000	1.858186e-005	1.858186e-005
1.551724e-002	-4.655172e-002	0.000000e+000	1.694066e-021	0.000000e+000	1.860189e-005	1.860189e-005
1.551724e-002	-4.310345e-002	0.000000e+000	0.000000e+000	0.000000e+000	1.861520e-005	1.861520e-005
1.551724e-002	-3.965517e-002	0.000000e+000	0.000000e+000	0.000000e+000	1.862342e-005	1.862342e-005
1.551724e-002	-3.620690e-002	0.000000e+000	0.000000e+000	0.000000e+000	1.862788e-005	1.862788e-005
1.551724e-002	-3.275862e-002	0.000000e+000	0.000000e+000	0.000000e+000	1.862964e-005	1.862964e-005
1.551724e-002	-2.931034e-002	0.000000e+000	-1.694066e-021	0.000000e+000	1.862951e-005	1.862951e-005
1.551724e-002	-2.586207e-002	0.000000e+000	0.000000e+000	0.000000e+000	1.862816e-005	1.862816e-005
1.551724e-002	-2.241379e-002	0.000000e+000	0.000000e+000	0.000000e+000	1.862610e-005	1.862610e-005
1.551724e-002	-1.896552e-002	0.000000e+000	0.000000e+000	0.000000e+000	1.862372e-005	1.862372e-005
1.551724e-002	-1.551724e-002	0.000000e+000	1.694066e-021	0.000000e+000	1.862135e-005	1.862135e-005
1.551724e-002	-1.206897e-002	0.000000e+000	-1.694066e-021	0.000000e+000	1.861919e-005	1.861919e-005
1.551724e-002	-8.620690e-003	0.000000e+000	0.000000e+000	0.000000e+000	1.861744e-005	1.861744e-005
1.551724e-002	-5.172414e-003	0.000000e+000	1.694066e-021	0.000000e+000	1.861621e-005	1.861621e-005
1.551724e-002	-1.724138e-003	0.000000e+000	0.000000e+000	0.000000e+000	1.861558e-005	1.861558e-005
1.551724e-002	1.724138e-003	0.000000e+000	0.000000e+000	0.000000e+000	1.861558e-005	1.861558e-005
1.551724e-002	5.172414e-003	0.000000e+000	0.000000e+000	0.000000e+000	1.861621e-005	1.861621e-005
1.551724e-002	8.620690e-003	0.000000e+000	0.000000e+000	0.000000e+000	1.861744e-005	1.861744e-005
1.551724e-002	1.206897e-002	0.000000e+000	-1.694066e-021	0.000000e+000	1.861919e-005	1.861919e-005
1.551724e-002	1.551724e-002	0.000000e+000	1.694066e-021	0.000000e+000	1.862135e-005	1.862135e-005
1.551724e-002	1.896552e-002	0.000000e+000	-1.694066e-021	0.000000e+000	1.862372e-005	1.862372e-005
1.551724e-002	2.241379e-002	0.000000e+000	0.000000e+000	0.000000e+000	1.862610e-005	1.862610e-005
1.551724e-002	2.586207e-002	0.000000e+000	-1.694066e-021	0.000000e+000	1.862816e-005	1.862816e-005
1.551724e-002	2.931034e-002	0.000000e+000	-1.694066e-021	0.000000e+000	1.862951e-005	1.862951e-005
1.551724e-002	3.275862e-002	0.000000e+000	0.000000e+000	0.000000e+000	1.862964e-005	1.862964e-005
1.551724e-002	3.620690e-002	0.000000e+000	0.000000e+000	0.000000e+000	1.862788e-005	1.862788e-005
1.551724e-002	3.965517e-002	0.000000e+000	-1.694066e-021	0.000000e+000	1.862342e-005	1.862342e-005
1.551724e-002	4.310345e-002	0.000000e+000	0.000000e+000	0.000000e+000	1.861520e-005	1.861520e-005
1.551724e-002	4.655172e-002	0.000000e+000	1.694066e-021	0.000000e+000	1.860189e-005	1.860189e-005
1.551724e-002	5.000000e-002	0.000000e+000	-1.694066e-021	0.000000e+000	1.858186e-005	1.858186e-005
1.896552e-002	-5.000000e-002	0.000000e+000	0.000000e+000	0.000000e+000	2.252217e-005	2.252217e-005
1.896552e-002	-4.655172e-002	0.000000e+000	1.694066e-021	0.000000e+000	2.254622e-005	2.254622e-005
1.896552e-002	-4.310345e-002	0.000000e+000	0.000000e+000	0.000000e+000	2.256215e-005	2.256215e-005
1.896552e-002	-3.965517e-002	0.000000e+000	-1.694066e-021	0.000000e+000	2.257197e-005	2.257197e-005
1.896552e-002	-3.620690e-002	0.000000e+000	0.000000e+000	0.000000e+000	2.257726e-005	2.257726e-005
1.896552e-002	-3.275862e-002	0.000000e+000	0.000000e+000	0.000000e+000	2.257929e-005	2.257929e-005
1.896552e-002	-2.931034e-002	0.000000e+000	0.000000e+000	0.000000e+000	2.257906e-005	2.257906e-005
1.896552e-002	-2.586207e-002	0.000000e+000	-1.694066e-021	0.000000e+000	2.257737e-005	2.257737e-005
1.896552e-002	-2.241379e-002	0.000000e+000	1.694066e-021	0.000000e+000	2.257482e-005	2.257482e-005
1.896552e-002	-1.896552e-002	0.000000e+000	0.000000e+000	0.000000e+000	2.257191e-005	2.257191e-005
1.896552e-002	-1.551724e-002	0.000000e+000	0.000000e+000	0.000000e+000	2.256900e-005	2.256900e-005
1.896552e-002	-1.206897e-002	0.000000e+000	0.000000e+000	0.000000e+000	2.256637e-005	2.256637e-005
1.896552e-002	-8.620690e-003	0.000000e+000	-1.694066e-021	0.000000e+000	2.256424e-005	2.256424e-005
1.896552e-002	-5.172414e-003	0.000000e+000	-1.694066e-021	0.000000e+000	2.256274e-005	2.256274e-005
1.896552e-002	-1.724138e-003	0.000000e+000	1.694066e-021	0.000000e+000	2.256197e-005	2.256197e-005
1.896552e-002	1.724138e-003	0.000000e+000	1.694066e-021	0.000000e+000	2.256197e-005	2.256197e-005
1.896552e-002	5.172414e-003	0.000000e+000	1.694066e-021	0.000000e+000	2.256274e-005	2.256274e-005
1.896552e-002	8.620690e-003	0.000000e+000	-1.694066e-021	0.000000e+000	2.256424e-005	2.256424e-005
1.896552e-002	1.206897e-002	0.000000e+000	0.000000e+000	0.000000e+000	2.256637e-005	2.256637e-005
1.896552e-002	1.551724e-002	0.000000e+000	0.000000e+000	0.000000e+000	2.256900e-005	2.256900e-005
1.896552e-002	1.896552e-002	0.000000e+000	-1.694066e-021	0.000000e+000	2.257191e-005	2.257191e-005
1.896552e-002	2.241379e-002	0.000000e+000	1.694066e-021	0.000000e+000	2.257482e-005	2.257482e-005
1.896552e-002	2.586207e-002	0.000000e+000	0.000000e+000	0.000000e+000	2.257737e-005	2.257737e-005
1.896552e-002	2.931034e-002	0.000000e+000	0.000000e+000	0.000000e+000	2.257906e-005	2.257906e-005
1.896552e-002	3.275862e-002	0.000000e+000	0.000000e+000	0.000000e+000	2.257929e-005	2.257929e-005
1.896552e-002	3.620690e-002	0.000000e+000	0.000000e+000	0.000000e+000	2.257726e-005	2.257726e-005
1.896552e-002	3.965517e-002	0.000000e+000	-1.694066e-021	0.000000e+000	2.257197e-005	2.257197e-005
1.896552e-002	4.310345e-002	0.000000e+000	0.000000e+000	0.000000e+000	2.256215e-005	2.256215e-005
1.896552e-002	4.655172e-002	0.000000e+000	1.694066e-021	0.000000e+000	2.254622e-005	2.254622e-005
1.896552e-002	5.000000e-002	0.000000e+000	0.000000e+000	0.000000e+000	2.252217e-005	2.252217e-005
2.241379e-002	-5.000000e-002	0.000000e+000	0.000000e+000	0.000000e+000	2.629947e-005	2.629947e-005
2.241379e-002	-4.655172e-002	0.000000e+000	0.000000e+000	0.000000e+000	2.632727e-005	2.632727e-005
2.241379e-002	-4.310345e-002	0.000000e+000	-1.694066e-021	0.000000e+000	2.634564e-005	2.634564e-005
2.241379e-002	-3.965517e-002	0.000000e+000	1.694066e-021	0.000000e+000	2.635691e-005	2.635691e-005
2.241379e-002	-3.620690e-002	0.000000e+000	1.694066e-021	0.000000e+000	2.636293e-005	2.636293e-005
2.241379e-002	-3.275862e-002	0.000000e+000	0.000000e+000	0.000000e+000	2.636517e-005	2.636517e-005
2.241379e-002	-2.931034e-002	0.000000e+000	0.000000e+000	0.000000e+000	2.636480e-005	2.636480e-005
2.241379e-002	-2.586207e-002	0.000000e+000	1.694066e-021	0.000000e+000	2.636273e-005	2.636273e-005
2.241379e-002	-2.241379e-002	0.000000e+000	1.694066e-021	0.000000e+000	2.635969e-005	2.635969e-005
2.241379e-002	-1.896552e-002	0.000000e+000	-1.694066e-021	0.000000e+000	2.635623e-005	2.635623e-005
2.241379e-002	-1.551724e-002	0.000000e+000	0.000000e+000	0.000000e+000	2.635279e-005	2.635279e-005
2.241379e-002	-1.206897e-002	0.000000e+000	1.694066e-021	0.000000e+000	2.634968e-005	2.634968e-005
2.241379e-002	-8.620690e-003	0.000000e+000	-1.694066e-021	0.000000e+000	2.634717e-005	2.634717e-005
2.241379e-002	-5.172414e-003	0.000000e+000	1.694066e-021	0.000000e+000	2.634540e-005	2.634540e-005
2.241379e-002	-1.724138e-003	0.000000e+000	0.000000e+000	0.000000e+000	2.634449e-005	2.634449e-005
2.241379e-002	1.724138e-003	0.000000e+000	0.000000e+000	0.000000e+000	2.634449e-005	2.634449e-005
2.241379e-002	5.172414e-003	0.000000e+000	1.694066e-021	0.000000e+000	2.634540e-005	2.634540e-005
2.241379e-002	8.620690e-003	0.000000e+000	-1.694066e-021	0.000000e+000	2.634717e-005	2.634717e-005
2.241379e-002	1.206897e-002	0.000000e+000	1.694066e-021	0.000000e+000	2.634968e-005	2.634968e-005
2.241379e-002	1.551724e-002	0.000000e+000	0.000000e+000	0.000000e+000	2.635279e-005	2.635279e-005
2.241379e-002	1.896552e-002	0.000000e+000	-1.694066e-021	0.000000e+000	2.635623e-005	2.635623e-005
2.241379e-002	2.241379e-002	0.000000e+000	1.694066e-021	0.000000e+000	2.635969e-005	2.635969e-005
2.241379e-002	2.586207e-002	0.000000e+000	1.694066e-021	0.000000e+000	2.636273e-005	2.636273e-005
2.241379e-002	2.931034e-002	0.000000e+000	0.000000e+000	0.000000e+000	2.636480e-005	2.636480e-005
2.241379e-002	3.275862e-002	0.000000e+000	0.000000e+000	0.000000e+000	2.636517e-005	2.636517e-005
2.241379e-002	3.620690e-002	0.000000e+000	1.694066e-021	0.000000e+000	2.636293e-005	2.636293e-005
2.241379e-002	3.965517e-002	0.000000e+000	1.694066e-021	0.000000e+000	2.635691e-005	2.635691e-005
2.241379e-002	4.310345e-002	0.000000e+000	-1.694066e-021	0.000000e+000	2.634564e-005	2.634564e-005
2.241379e-002	4.655172e-002	0.000000e+000	0.000000e+000	0.000000e+000	2.632727e-005	2.632727e-005
2.241379e-002	5.000000e-002	0.000000e+000	0.000000e+000	0.000000e+000	2.629947e-005	2.629947e-005
2.586207e-002	-5.000000e-002	0.000000e+000	0.000000e+000	1.058791e-022	2.985747e-005	2.985747e-005
2.586207e-002	-4.655172e-002	0.000000e+000	-1.694066e-021	0.000000e+000	2.988871e-005	2.988871e-005
2.586207e-002	-4.310345e-002	0.000000e+000	-8.470329e-022	0.000000e+000	2.990929e-005	2.990929e-005
2.586207e-002	-3.965517e-002	0.000000e+000	0.000000e+000	0.000000e+000	2.992185e-005	2.992185e-005
2.586207e-002	-3.620690e-002	0.000000e+000	1.694066e-021	0.000000e+000	2.992849e-005	2.992849e-005
2.586207e-002	-3.275862e-002	0.000000e+000	8.470329e-022	0.000000e+000	2.993086e-005	2.993086e-005
2.586207e-002	-2.931034e-002	0.000000e+000	-8.470329e-022	0.000000e+000	2.993029e-005	2.993029e-005
2.586207e-002	-2.586207e-002	0.000000e+000	0.000000e+000	0.000000e+000	2.992782e-005	2.992782e-005
2.586207e-002	-2.241379e-002	0.000000e+000	0.000000e+000	0.000000e+000	2.992426e-005	2.992426e-005
2.586207e-002	-1.896552e-002	0.000000e+000	0.000000e+000	0.000000e+000	2.992025e-005	2.992025e-005
2.586207e-002	-1.551724e-002	0.000000e+000	0.000000e+000	0.000000e+000	2.991627e-005	2.991627e-005
2.586207e-002	-1.206897e-002	0.000000e+000	0.000000e+000	0.000000e+000	2.991270e-005	2.991270e-005
2.586207e-002	-8.620690e-003	0.000000e+000	0.000000e+000	0.000000e+000	2.990980e-005	2.990980e-005
2.586207e-002	-5.172414e-003	0.000000e+000	0.000000e+000	0.000000e+000	2.990777e-005	2.990777e-005
2.586207e-002	-1.724138e-003	0.000000e+000	-8.470329e-022	0.000000e+000	2.990672e-005	2.990672e-005
2.586207e-002	1.724138e-003	0.000000e+000	-8.470329e-022	0.000000e+000	2.990672e-005	2.990672e-005
2.586207e-002	5.172414e-003	0.000000e+000	8.470329e-022	0.000000e+000	2.990777e-005	2.990777e-005
2.586207e-002	8.620690e-003	0.000000e+000	0.000000e+000	0.000000e+000	2.990980e-005	2.990980e-005
2.586207e-002	1.206897e-002	0.000000e+000	0.000000e+000	0.000000e+000	2.991270e-005	2.991270e-005
2.586207e-002	1.551724e-002	0.000000e+000	0.000000e+000	0.000000e+000	2.991627e-005	2.991627e-005
2.586207e-002	1.896552e-002	0.000000e+000	-1.694066e-021	0.000000e+000	2.992025e-005	2.992025e-005
2.586207e-002	2.241379e-002	0.000000e+000	0.000000e+000	0.000000e+000	2.992426e-005	2.992426e-005
2.586207e-002	2.586207e-002	0.000000e+000	0.000000e+000	0.000000e+000	2.992782e-005	2.992782e-005
2.586207e-002	2.931034e-002	0.000000e+000	-8.470329e-022	0.000000e+000	2.993029e-005	2.993029e-005
2.586207e-002	3.275862e-002	0.000000e+000	8.470329e-022	0.000000e+000	2.993086e-005	2.993086e-005
2.586207e-002	3.620690e-002	0.000000e+000	1.694066e-021	0.000000e+000	2.992849e-005	2.992849e-005
2.586207e-002	3.965517e-002	0.000000e+000	-1.694066e-021	0.000000e+000	2.992185e-005	2.992185e-005
2.586207e-002	4.310345e-002	0.000000e+000	-8.470329e-022	0.000000e+000	2.990929e-005	2.990929e-005
2.586207e-002	4.655172e-002	0.000000e+000	-1.694066e-021	0.000000e+000	2.988871e-005	2.988871e-005
2.586207e-002	5.000000e-002	0.000000e+000	0.000000e+000	-1.058791e-022	2.985747e-005	2.985747e-005
2.931034e-002	-5.000000e-002	0.000000e+000	0.000000e+000	0.000000e+000	3.314188e-005	3.314188e-005
2.931034e-002	-4.655172e-002	0.000000e+000	-1.694066e-021	0.000000e+000	3.317620e-005	3.317620e-005
2.931034e-002	-4.310345e-002	0.000000e+000	8.470329e-022	0.000000e+000	3.319874e-005	3.319874e-005
2.931034e-002	-3.965517e-002	0.000000e+000	0.000000e+000	0.000000e+000	3.321241e-005	3.321241e-005
2.931034e-002	-3.620690e-002	0.000000e+000	-8.470329e-022	0.000000e+000	3.321953e-005	3.321953e-005
2.931034e-002	-3.275862e-002	0.000000e+000	0.000000e+000	0.000000e+000	3.322195e-005	3.322195e-005
2.931034e-002	-2.931034e-002	0.000000e+000	0.000000e+000	0.000000e+000	3.322112e-005	3.322112e-005
2.931034e-002	-2.586207e-002	0.000000e+000	1.694066e-021	0.000000e+000	3.321822e-005	3.321822e-005
2.931034e-002	-2.241379e-002	0.000000e+000	1.694066e-021	0.000000e+000	3.321413e-005	3.321413e-005
2.931034e-002	-1.896552e-002	0.000000e+000	-8.470329e-022	0.000000e+000	3.320956e-005	3.320956e-005
2.931034e-002	-1.551724e-002	0.000000e+000	0.000000e+000	0.000000e+000	3.320504e-005	3.320504e-005
2.931034e-002	-1.206897e-002	0.000000e+000	8.470329e-022	0.000000e+000	3.320099e-005	3.320099e-005
2.931034e-002	-8.620690e-003	0.000000e+000	1.694066e-021	0.000000e+000	3.319772e-005	3.319772e-005
2.931034e-002	-5.172414e-003	0.000000e+000	1.694066e-021	0.000000e+000	3.319542e-005	3.319542e-005
2.931034e-002	-1.724138e-003	0.000000e+000	1.694066e-021	0.000000e+000	3.319424e-005	3.319424e-005
2.931034e-002	1.724138e-003	0.000000e+000	1.694066e-021	0.000000e+000	3.319424e-005	3.319424e-005
2.931034e-002	5.172414e-003	0.000000e+000	0.000000e+000	0.000000e+000	3.319542e-005	3.319542e-005
2.931034e-002	8.620690e-003	0.000000e+000	-1.694066e-021	0.000000e+000	3.319772e-005	3.319772e-005
2.931034e-002	1.206897e-002	0.000000e+000	8.470329e-022	0.000000e+000	3.320099e-005	3.320099e-005
2.931034e-002	1.551724e-002	0.000000e+000	0.000000e+000	0.000000e+000	3.320504e-005	3.320504e-005
2.931034e-002	1.896552e-002	0.000000e+000	0.000000e+000	0.000000e+000	3.320956e-005	3.320956e-005
2.931034e-002	2.241379e-002	0.000000e+000	1.694066e-021	0.000000e+000	3.321413e-005	3.321413e-005
2.931034e-002	2.586207e-002	0.000000e+000	0.000000e+000	0.000000e+000	3.321822e-005	3.321822e-005
2.931034e-002	2.931034e-002	0.000000e+000	0.000000e+000	0.000000e+000	3.322112e-005	3.322112e-005
2.931034e-002	3.275862e-002	0.000000e+000	-1.694066e-021	0.000000e+000	3.322195e-005	3.322195e-005
2.931034e-002	3.620690e-002	0.000000e+000	-8.470329e-022	0.000000e+000	3.321953e-005	3.321953e-005
2.931034e-002	3.965517e-002	0.000000e+000	0.000000e+000	0.000000e+000	3.321241e-005	3.321241e-005
2.931034e-002	4.310345e-002	0.000000e+000	8.470329e-022	0.000000e+000	3.319874e-005	3.319874e-005
2.931034e-002	4.655172e-002	0.000000e+000	-1.694066e-021	0.000000e+000	3.317620e-005	3.317620e-005
2.931034e-002	5.000000e-002	0.000000e+000	0.000000e+000	0.000000e+000	3.314188e-005	3.314188e-005
3.275862e-002	-5.000000e-002	0.000000e+000	8.470329e-022	0.000000e+000	3.610589e-005	3.610589e-005
3.275862e-002	-4.655172e-002	0.000000e+000	0.000000e+000	-1.058791e-022	3.614290e-005	3.614290e-005
3.275862e-002	-4.310345e-002	0.000000e+000	0.000000e+000	0.000000e+000	3.616711e-005	3.616711e-005
3.275862e-002	-3.965517e-002	0.000000e+000	-1.694066e-021	0.000000e+000	3.618167e-005	3.618167e-005
3.275862e-002	-3.620690e-002	0.000000e+000	1.694066e-021	0.000000e+000	3.618914e-005	3.618914e-005
3.275862e-002	-3.275862e-002	0.000000e+000	-1.694066e-021	0.000000e+000	3.619150e-005	3.619150e-005
3.275862e-002	-2.931034e-002	0.000000e+000	0.000000e+000	0.000000e+000	3.619037e-005	3.619037e-005
3.275862e-002	-2.586207e-002	0.000000e+000	0.000000e+000	0.000000e+000	3.618699e-005	3.618699e-005
3.275862e-002	-2.241379e-002	0.000000e+000	-8.470329e-022	0.000000e+000	3.618234e-005	3.618234e-005
3.275862e-002	-1.896552e-002	0.000000e+000	-8.470329e-022	0.000000e+000	3.617720e-005	3.617720e-005
3.275862e-002	-1.551724e-002	0.000000e+000	0.000000e+000	0.000000e+000	3.617215e-005	3.617215e-005
3.275862e-002	-1.206897e-002	0.000000e+000	8.470329e-022	0.000000e+000	3.616763e-005	3.616763e-005
3.275862e-002	-8.620690e-003	0.000000e+000	8.470329e-022	0.000000e+000	3.616398e-005	3.616398e-005
3.275862e-002	-5.172414e-003	0.000000e+000	0.000000e+000	0.000000e+000	3.616142e-005	3.616142e-005
3.275862e-002	-1.724138e-003	0.000000e+000	-8.470329e-022	0.000000e+000	3.616011e-005	3.616011e-005
3.275862e-002	1.724138e-003	0.000000e+000	-8.470329e-022	0.000000e+000	3.616011e-005	3.616011e-005
3.275862e-002	5.172414e-003	0.000000e+000	8.470329e-022	0.000000e+000	3.616142e-005	3.616142e-005
3.275862e-002	8.620690e-003	0.000000e+000	8.470329e-022	0.000000e+000	3.616398e-005	3.616398e-005
3.275862e-002	1.206897e-002	0.000000e+000	8.470329e-022	0.000000e+000	3.616763e-005	3.616763e-005
3.275862e-002	1.551724e-002	0.000000e+000	0.000000e+000	0.000000e+000	3.617215e-005	3.617215e-005
3.275862e-002	1.896552e-002	0.000000e+000	-8.470329e-022	0.000000e+000	3.617720e-005	3.617720e-005
3.275862e-002	2.241379e-002	0.000000e+000	-8.470329e-022	0.000000e+000	3.618234e-005	3.618234e-005
3.275862e-002	2.586207e-002	0.000000e+000	0.000000e+000	0.000000e+000	3.618699e-005	3.618699e-005
3.275862e-002	2.931034e-002	0.000000e+000	0.000000e+000	0.000000e+000	3.619037e-005	3.619037e-005
3.275862e-002	3.275862e-002	0.000000e+000	-1.694066e-021	0.000000e+000	3.619150e-005	3.619150e-005
3.275862e-002	3.620690e-002	0.000000e+000	1.694066e-021	0.000000e+000	3.618914e-005	3.618914e-005
3.275862e-002	3.965517e-002	0.000000e+000	-8.470329e-022	0.000000e+000	3.618167e-005	3.618167e-005
3.275862e-002	4.310345e-002	0.000000e+000	0.000000e+000	0.000000e+000	3.616711e-005	3.616711e-005
3.275862e-002	4.655172e-002	0.000000e+000	0.000000e+000	1.058791e-022	3.614290e-005	3.614290e-005
3.275862e-002	5.000000e-002	0.000000e+000	8.470329e-022	0.000000e+000	3.610589e-005	3.610589e-005
3.620690e-002	-5.000000e-002	0.000000e+000	0.000000e+000	-1.058791e-022	3.871392e-005	3.871392e-005
3.620690e-002	-4.655172e-002	0.000000e+000	0.000000e+000	1.058791e-022	3.875321e-005	3.875321e-005
3.620690e-002	-4.310345e-002	0.000000e+000	0.000000e+000	1.058791e-022	3.877877e-005	3.877877e-005
3.620690e-002	-3.965517e-002	0.000000e+000	8.470329e-022	0.000000e+000	3.879402e-005	3.879402e-005
3.620690e-002	-3.620690e-002	0.000000e+000	0.000000e+000	0.000000e+000	3.880167e-005	3.880167e-005
3.620690e-002	-3.275862e-002	0.000000e+000	0.000000e+000	0.000000e+000	3.880388e-005	3.880388e-005
3.620690e-002	-2.931034e-002	0.000000e+000	8.470329e-022	0.000000e+000	3.880236e-005	3.880236e-005
3.620690e-002	-2.586207e-002	0.000000e+000	1.694066e-021	5.293956e-023	3.879847e-005	3.879847e-005
3.620690e-002	-2.241379e-002	0.000000e+000	8.470329e-022	0.000000e+000	3.879325e-005	3.879325e-005
3.620690e-002	-1.896552e-002	0.000000e+000	0.000000e+000	0.000000e+000	3.878752e-005	3.878752e-005
3.620690e-002	-1.551724e-002	0.000000e+000	1.694066e-021	-2.646978e-023	3.878193e-005	3.878193e-005
3.620690e-002	-1.206897e-002	0.000000e+000	-8.470329e-022	0.000000e+000	3.877695e-005	3.877695e-005
3.620690e-002	-8.620690e-003	0.000000e+000	-1.694066e-021	0.000000e+000	3.877293e-005	3.877293e-005
3.620690e-002	-5.172414e-003	0.000000e+000	-8.470329e-022	0.000000e+000	3.877012e-005	3.877012e-005
3.620690e-002	-1.724138e-003	0.000000e+000	8.470329e-022	0.000000e+000	3.876867e-005	3.876867e-005
3.620690e-002	1.724138e-003	0.000000e+000	8.470329e-022	0.000000e+000	3.876867e-005	3.876867e-005
3.620690e-002	5.172414e-003	0.000000e+000	-8.470329e-022	0.000000e+000	3.877012e-005	3.877012e-005
3.620690e-002	8.620690e-003	0.000000e+000	1.694066e-021	0.000000e+000	3.877293e-005	3.877293e-005
3.620690e-002	1.206897e-002	0.000000e+000	-8.470329e-022	0.000000e+000	3.877695e-005	3.877695e-005
3.620690e-002	1.551724e-002	0.000000e+000	1.694066e-021	2.646978e-023	3.878193e-005	3.878193e-005
3.620690e-002	1.896552e-002	0.000000e+000	0.000000e+000	0.000000e+000	3.878752e-005	3.878752e-005
3.620690e-002	2.241379e-002	0.000000e+000	8.470329e-022	0.000000e+000	3.879325e-005	3.879325e-005
3.620690e-002	2.586207e-002	0.000000e+000	1.694066e-021	0.000000e+000	3.879847e-005	3.879847e-005
3.620690e-002	2.931034e-002	0.000000e+000	8.470329e-022	0.000000e+000	3.880236e-005	3.880236e-005
3.620690e-002	3.275862e-002	0.000000e+000	0.000000e+000	5.293956e-023	3.880388e-005	3.880388e-005
3.620690e-002	3.620690e-002	0.000000e+000	0.000000e+000	0.000000e+000	3.880167e-005	3.880167e-005
3.620690e-002	3.965517e-002	0.000000e+000	0.000000e+000	0.000000e+000	3.879402e-005	3.879402e-005
3.620690e-002	4.310345e-002	0.000000e+000	0.000000e+000	-1.058791e-022	3.877877e-005	3.877877e-005
3.620690e-002	4.655172e-002	0.000000e+000	0.000000e+000	-1.058791e-022	3.875321e-005	3.875321e-005
3.620690e-002	5.000000e-002	0.000000e+000	0.000000e+000	1.058791e-022	3.871392e-005	3.871392e-005
3.965517e-002	-5.000000e-002	0.000000e+000	-8.470329e-022	0.000000e+000	4.094323e-005	4.094323e-005
3.965517e-002	-4.655172e-002	0.000000e+000	0.000000e+000	0.000000e+000	4.098433e-005	4.098433e-005
3.965517e-002	-4.310345e-002	0.000000e+000	0.000000e+000	0.000000e+000	4.101092e-005	4.101092e-005
3.965517e-002	-3.965517e-002	0.000000e+000	0.000000e+000	-1.058791e-022	4.102662e-005	4.102662e-005
3.965517e-002	-3.620690e-002	0.000000e+000	-8.470329e-022	0.000000e+000	4.103429e-005	4.103429e-005
3.965517e-002	-3.275862e-002	0.000000e+000	0.000000e+000	0.000000e+000	4.103623e-005	4.103623e-005
3.965517e-002	-2.931034e-002	0.000000e+000	8.470329e-022	-5.293956e-023	4.103426e-005	4.103426e-005
3.965517e-002	-2.586207e-002	0.000000e+000	0.000000e+000	0.000000e+000	4.102980e-005	4.102980e-005
3.965517e-002	-2.241379e-002	0.000000e+000	0.000000e+000	-5.293956e-023	4.102398e-005	4.102398e-005
3.965517e-002	-1.896552e-002	0.000000e+000	0.000000e+000	0.000000e+000	4.101767e-005	4.101767e-005
3.965517e-002	-1.551724e-002	0.000000e+000	0.000000e+000	0.000000e+000	4.101154e-005	4.101154e-005
3.965517e-002	-1.206897e-002	0.000000e+000	8.470329e-022	0.000000e+000	4.100609e-005	4.100609e-005
3.965517e-002	-8.620690e-003	0.000000e+000	0.000000e+000	0.000000e+000	4.100171e-005	4.100171e-005
3.965517e-002	-5.172414e-003	0.000000e+000	-8.470329e-022	0.000000e+000	4.099865e-005	4.099865e-005
3.965517e-002	-1.724138e-003	0.000000e+000	0.000000e+000	0.000000e+000	4.099707e-005	4.099707e-005
3.965517e-002	1.724138e-003	0.000000e+000	0.000000e+000	0.000000e+000	4.099707e-005	4.099707e-005
3.965517e-002	5.172414e-003	0.000000e+000	-8.470329e-022	0.000000e+000	4.099865e-005	4.099865e-005
3.965517e-002	8.620690e-003	0.000000e+000	0.000000e+000	0.000000e+000	4.100171e-005	4.100171e-005
3.965517e-002	1.206897e-002	0.000000e+000	8.470329e-022	0.000000e+000	4.100609e-005	4.100609e-005
3.965517e-002	1.551724e-002	0.000000e+000	0.000000e+000	0.000000e+000	4.101154e-005	4.101154e-005
3.965517e-002	1.896552e-002	0.000000e+000	0.000000e+000	0.000000e+000	4.101767e-005	4.101767e-005
3.965517e-002	2.241379e-002	0.000000e+000	0.000000e+000	5.293956e-023	4.102398e-005	4.102398e-005
3.965517e-002	2.586207e-002	0.000000e+000	0.000000e+000	0.000000e+000	4.102980e-005	4.102980e-005
3.965517e-002	2.931034e-002	0.000000e+000	8.470329e-022	5.293956e-023	4.103426e-005	4.103426e-005
3.965517e-002	3.275862e-002	0.000000e+000	0.000000e+000	0.000000e+000	4.103623e-005	4.103623e-005
3.965517e-002	3.620690e-002	0.000000e+000	-8.470329e-022	0.000000e+000	4.103429e-005	4.103429e-005
3.965517e-002	3.965517e-002	0.000000e+000	-8.470329e-022	1.058791e-022	4.102662e-005	4.102662e-005
3.965517e-002	4.310345e-002	0.000000e+000	0.000000e+000	0.000000e+000	4.101092e-005	4.101092e-005
3.965517e-002	4.655172e-002	0.000000e+000	0.000000e+000	0.000000e+000	4.098433e-005	4.098433e-005
3.965517e-002	5.000000e-002	0.000000e+000	-8.470329e-022	0.000000e+000	4.094323e-005	4.094323e-005
4.310345e-002	-5.000000e-002	0.000000e+000	-8.470329e-022	-1.058791e-022	4.278314e-005	4.278314e-005
4.310345e-002	-4.655172e-002	0.000000e+000	0.000000e+000	-1.058791e-022	4.282558e-005	4.282558e-005
4.310345e-002	-4.310345e-002	0.000000e+000	0.000000e+000	0.000000e+000	4.285285e-005	4.285285e-005
4.310345e-002	-3.965517e-002	0.000000e+000	8.470329e-022	0.000000e+000	4.286874e-005	4.286874e-005
4.310345e-002	-3.620690e-002	0.000000e+000	0.000000e+000	5.293956e-023	4.287626e-005	4.287626e-005
4.310345e-002	-3.275862e-002	0.000000e+000	0.000000e+000	0.000000e+000	4.287782e-005	4.287782e-005
4.310345e-002	-2.931034e-002	0.000000e+000	8.470329e-022	0.000000e+000	4.287532e-005	4.287532e-005
4.310345e-002	-2.586207e-002	0.000000e+000	0.000000e+000	0.000000e+000	4.287027e-005	4.287027e-005
4.310345e-002	-2.241379e-002	0.000000e+000	0.000000e+000	0.000000e+000	4.286383e-005	4.286383e-005
4.310345e-002	-1.896552e-002	0.000000e+000	8.470329e-022	0.000000e+000	4.285692e-005	4.285692e-005
4.310345e-002	-1.551724e-002	0.000000e+000	0.000000e+000	0.000000e+000	4.285024e-005	4.285024e-005
4.310345e-002	-1.206897e-002	0.000000e+000	8.470329e-022	0.000000e+000	4.284433e-005	4.284433e-005
4.310345e-002	-8.620690e-003	0.000000e+000	8.470329e-022	0.000000e+000	4.283959e-005	4.283959e-005
4.310345e-002	-5.172414e-003	0.000000e+000	0.000000e+000	0.000000e+000	4.283628e-005	4.283628e-005
4.310345e-002	-1.724138e-003	0.000000e+000	0.000000e+000	0.000000e+000	4.283458e-005	4.283458e-005
4.310345e-002	1.724138e-003	0.000000e+000	0.000000e+000	0.000000e+000	4.283458e-005	4.283458e-005
4.310345e-002	5.172414e-003	0.000000e+000	8.470329e-022	0.000000e+000	4.283628e-005	4.283628e-005
4.310345e-002	8.620690e-003	0.000000e+000	8.470329e-022	1.323489e-023	4.283959e-005	4.283959e-005
4.310345e-002	1.206897e-002	0.000000e+000	8.470329e-022	0.000000e+000	4.284433e-005	4.284433e-005
4.310345e-002	1.551724e-002	0.000000e+000	0.000000e+000	0.000000e+000	4.285024e-005	4.285024e-005
4.310345e-002	1.896552e-002	0.000000e+000	8.470329e-022	0.000000e+000	4.285692e-005	4.285692e-005
4.310345e-002	2.241379e-002	0.000000e+000	0.000000e+000	0.000000e+000	4.286383e-005	4.286383e-005
4.310345e-002	2.586207e-002	0.000000e+000	0.000000e+000	0.000000e+000	4.287027e-005	4.287027e-005
4.310345e-002	2.931034e-002	0.000000e+000	8.470329e-022	0.000000e+000	4.287532e-005	4.287532e-005
4.310345e-002	3.275862e-002	0.000000e+000	-8.470329e-022	-5.293956e-023	4.287782e-005	4.287782e-005
4.310345e-002	3.620690e-002	0.000000e+000	0.000000e+000	-5.293956e-023	4.287626e-005	4.287626e-005
4.310345e-002	3.965517e-002	0.000000e+000	0.000000e+000	0.000000e+000	4.286874e-005	4.286874e-005
4.310345e-002	4.310345e-002	0.000000e+000	0.000000e+000	0.000000e+000	4.285285e-005	4.285285e-005
4.310345e-002	4.655172e-002	0.000000e+000	0.000000e+000	1.058791e-022	4.282558e-005	4.282558e-005
4.310345e-002	5.000000e-002	0.000000e+000	-8.470329e-022	1.058791e-022	4.278314e-005	4.278314e-005
4.655172e-002	-5.000000e-002	0.000000e+000	0.000000e+000	0.000000e+000	4.423276e-005	4.423276e-005
4.655172e-002	-4.655172e-002	0.000000e+000	0.000000e+000	0.000000e+000	4.427605e-005	4.427605e-005
4.655172e-002	-4.310345e-002	0.000000e+000	0.000000e+000	1.058791e-022	4.430364e-005	4.430364e-005
4.655172e-002	-3.965517e-002	0.000000e+000	0.000000e+000	0.000000e+000	4.431947e-005	4.431947e-005
4.655172e-002	-3.620690e-002	0.000000e+000	0.000000e+000	1.058791e-022	4.432666e-005	4.432666e-005
4.655172e-002	-3.275862e-002	0.000000e+000	-8.470329e-022	0.000000e+000	4.432772e-005	4.432772e-005
4.655172e-002	-2.931034e-002	0.000000e+000	0.000000e+000	5.293956e-023	4.432461e-005	4.432461e-005
4.655172e-002	-2.586207e-002	0.000000e+000	8.470329e-022	0.000000e+000	4.431891e-005	4.431891e-005
4.655172e-002	-2.241379e-002	0.000000e+000	0.000000e+000	0.000000e+000	4.431183e-005	4.431183e-005
4.655172e-002	-1.896552e-002	0.000000e+000	8.470329e-022	2.646978e-023	4.430431e-005	4.430431e-005
4.655172e-002	-1.551724e-002	0.000000e+000	-8.470329e-022	0.000000e+000	4.429709e-005	4.429709e-005
4.655172e-002	-1.206897e-002	0.000000e+000	0.000000e+000	0.000000e+000	4.429073e-005	4.429073e-005
4.655172e-002	-8.620690e-003	0.000000e+000	8.470329e-022	1.323489e-023	4.428563e-005	4.428563e-005
4.655172e-002	-5.172414e-003	0.000000e+000	0.000000e+000	-1.323489e-023	4.428208e-005	4.428208e-005
4.655172e-002	-1.724138e-003	0.000000e+000	8.470329e-022	0.000000e+000	4.428026e-005	4.428026e-005
4.655172e-002	1.724138e-003	0.000000e+000	8.470329e-022	0.000000e+000	4.428026e-005	4.428026e-005
4.655172e-002	5.172414e-003	0.000000e+000	8.470329e-022	0.000000e+000	4.428208e-005	4.428208e-005
4.655172e-002	8.620690e-003	0.000000e+000	-8.470329e-022	-1.323489e-023	4.428563e-005	4.428563e-005
4.655172e-002	1.206897e-002	0.000000e+000	0.000000e+000	0.000000e+000	4.429073e-005	4.429073e-005
4.655172e-002	1.551724e-002	0.000000e+000	-8.470329e-022	0.000000e+000	4.429709e-005	4.429709e-005
4.655172e-002	1.896552e-002	0.000000e+000	8.470329e-022	0.000000e+000	4.430431e-005	4.430431e-005
4.655172e-002	2.241379e-002	0.000000e+000	0.000000e+000	0.000000e+000	4.431183e-005	4.431183e-005
4.655172e-002	2.586207e-002	0.000000e+000	0.000000e+000	0.000000e+000	4.431891e-005	4.431891e-005
4.655172e-002	2.931034e-002	0.000000e+000	0.000000e+000	-5.293956e-023	4.432461e-005	4.432461e-005
4.655172e-002	3.275862e-002	0.000000e+000	-8.470329e-022	0.000000e+000	4.432772e-005	4.432772e-005
4.655172e-002	3.620690e-002	0.000000e+000	0.000000e+000	-1.058791e-022	4.432666e-005	4.432666e-005
4.655172e-002	3.965517e-002	0.000000e+000	-8.470329e-022	-1.058791e-022	4.431947e-005	4.431947e-005
4.655172e-002	4.310345e-002	0.000000e+000	0.000000e+000	-1.058791e-022	4.430364e-005	4.430364e-005
4.655172e-002	4.655172e-002	0.000000e+000	0.000000e+000	0.000000e+000	4.427605e-005	4.427605e-005
4.655172e-002	5.000000e-002	0.000000e+000	0.000000e+000	0.000000e+000	4.423276e-005	4.423276e-005
5.000000e-002	-5.000000e-002	0.000000e+000	8.470329e-022	0.000000e+000	4.529776e-005	4.529776e-005
5.000000e-002	-4.655172e-002	0.000000e+000	0.000000e+000	-1.058791e-022	4.534139e-005	4.534139e-005
5.000000e-002	-4.310345e-002	0.000000e+000	-8.470329e-022	0.000000e+000	4.536893e-005	4.536893e-005
5.000000e-002	-3.965517e-002	0.000000e+000	8.470329e-022	1.058791e-022	4.538444e-005	4.538444e-005
5.000000e-002	-3.620690e-002	0.000000e+000	-8.470329e-022	0.000000e+000	4.539112e-005	4.539112e-005
5.000000e-002	-3.275862e-002	0.000000e+000	-8.470329e-022	0.000000e+000	4.539156e-005	4.539156e-005
5.000000e-002	-2.931034e-002	0.000000e+000	0.000000e+000	0.000000e+000	4.538778e-005	4.538778e-005
5.000000e-002	-2.586207e-002	0.000000e+000	0.000000e+000	-5.293956e-023	4.538138e-005	4.538138e-005
5.000000e-002	-2.241379e-002	0.000000e+000	-8.470329e-022	-5.293956e-023	4.537363e-005	4.537363e-005
5.000000e-002	-1.896552e-002	0.000000e+000	-8.470329e-022	0.000000e+000	4.536550e-005	4.536550e-005
5.000000e-002	-1.551724e-002	0.000000e+000	0.000000e+000	0.000000e+000	4.535774e-005	4.535774e-005
5.000000e-002	-1.206897e-002	0.000000e+000	0.000000e+000	0.000000e+000	4.535093e-005	4.535093e-005
5.000000e-002	-8.620690e-003	0.000000e+000	0.000000e+000	-1.323489e-023	4.534548e-005	4.534548e-005
5.000000e-002	-5.172414e-003	0.000000e+000	0.000000e+000	0.000000e+000	4.534169e-005	4.534169e-005
5.000000e-002	-1.724138e-003	0.000000e+000	8.470329e-022	0.000000e+000	4.533975e-005	4.533975e-005
5.000000e-002	1.724138e-003	0.000000e+000	8.470329e-022	0.000000e+000	4.533975e-005	4.533975e-005
5.000000e-002	5.172414e-003	0.000000e+000	0.000000e+000	0.000000e+000	4.534169e-005	4.534169e-005
5.000000e-002	8.620690e-003	0.000000e+000	8.470329e-022	0.000000e+000	4.534548e-005	4.534548e-005
5.000000e-002	1.206897e-002	0.000000e+000	0.000000e+000	0.000000e+000	4.535093e-005	4.535093e-005
5.000000e-002	1.551724e-002	0.000000e+000	0.000000e+000	0.000000e+000	4.535774e-005	4.535774e-005
5.000000e-002	1.896552e-002	0.000000e+000	0.000000e+000	5.293956e-023	4.536550e-005	4.536550e-005
5.000000e-002	2.241379e-002	0.000000e+000	-8.470329e-022	5.293956e-023	4.537363e-005	4.537363e-005
5.000000e-002	2.586207e-002	0.000000e+000	0.000000e+000	0.000000e+000	4.538138e-005	4.538138e-005
5.000000e-002	2.931034e-002	0.000000e+000	0.000000e+000	0.000000e+000	4.538778e-005	4.538778e-005
5.000000e-002	3.275862e-002	0.000000e+000	0.000000e+000	-1.058791e-022	4.539156e-005	4.539156e-005
5.000000e-002	3.620690e-002	0.000000e+000	-8.470329e-022	0.000000e+000	4.539112e-005	4.539112e-005
5.000000e-002	3.965517e-002	0.000000e+000	8.470329e-022	0.000000e+000	4.538444e-005	4.538444e-005
5.000000e-002	4.310345e-002	0.000000e+000	-8.470329e-022	0.000000e+000	4.536893e-005	4.536893e-005
5.000000e-002	4.655172e-002	0.000000e+000	0.000000e+000	1.058791e-022	4.534139e-005	4.534139e-005
5.000000e-002	5.000000e-002	0.000000e+000	8.470329e-022	0.000000e+000	4.529776e-005	4.529776e-005
