0.000000e+000	-5.000000e-002	-5.000000e-002	0.000000e+000	3.431124e-007	-1.248605e-005	1.249077e-005
0.000000e+000	-5.000000e-002	-4.655172e-002	0.000000e+000	3.258505e-007	-1.220151e-005	1.220586e-005
0.000000e+000	-5.000000e-002	-4.310345e-002	0.000000e+000	3.077540e-007	-1.148226e-005	1.148638e-005
0.000000e+000	-5.000000e-002	-3.965517e-002	0.000000e+000	2.887171e-007	-1.039703e-005	1.040104e-005
0.000000e+000	-5.000000e-002	-3.620690e-002	0.000000e+000	2.686518e-007	-9.044017e-006	9.048007e-006
0.000000e+000	-5.000000e-002	-3.275862e-002	0.000000e+000	2.474969e-007	-7.533424e-006	7.537488e-006
0.000000e+000	-5.000000e-002	-2.931034e-002	0.000000e+000	2.252237e-007	-5.971380e-006	5.975626e-006
0.000000e+000	-5.000000e-002	-2.586207e-002	0.000000e+000	2.018389e-007	-4.448703e-006	4.453279e-006
0.000000e+000	-5.000000e-002	-2.241379e-002	0.000000e+000	1.773848e-007	-3.035511e-006	3.040690e-006
0.000000e+000	-5.000000e-002	-1.896552e-002	0.000000e+000	1.519375e-007	-1.780824e-006	1.787294e-006
0.000000e+000	-5.000000e-002	-1.551724e-002	0.000000e+000	1.256024e-007	-7.154045e-007	7.263467e-007
0.000000e+000	-5.000000e-002	-1.206897e-002	0.000000e+000	9.850990e-008	1.439003e-007	1.743889e-007
0.000000e+000	-5.000000e-002	-8.620690e-003	0.000000e+000	7.080967e-008	7.896185e-007	7.927871e-007
0.000000e+000	-5.000000e-002	-5.172414e-003	0.000000e+000	4.266582e-008	1.219684e-006	1.220430e-006
0.000000e+000	-5.000000e-002	-1.724138e-003	0.000000e+000	1.425212e-008	1.434395e-006	1.434465e-006
0.000000e+000	-5.000000e-002	1.724138e-003	0.000000e+000	-1.425212e-008	1.434395e-006	1.434465e-006
0.000000e+000	-5.000000e-002	5.172414e-003	0.000000e+000	-4.266582e-008	1.219684e-006	1.220430e-006
0.000000e+000	-5.000000e-002	8.620690e-003	0.000000e+000	-7.080967e-008	7.896185e-007	7.927871e-007
0.000000e+000	-5.000000e-002	1.206897e-002	0.000000e+000	-9.850990e-008	1.439003e-007	1.743889e-007
0.000000e+000	-5.000000e-002	1.551724e-002	0.000000e+000	-1.256024e-007	-7.154045e-007	7.263467e-007
0.000000e+000	-5.000000e-002	1.896552e-002	0.000000e+000	-1.519375e-007	-1.780824e-006	1.787294e-006
0.000000e+000	-5.000000e-002	2.241379e-002	0.000000e+000	-1.773848e-007	-3.035511e-006	3.040690e-006
0.000000e+000	-5.000000e-002	2.586207e-002	0.000000e+000	-2.018389e-007	-4.448703e-006	4.453279e-006
0.000000e+000	-5.000000e-002	2.931034e-002	0.000000e+000	-2.252237e-007	-5.971380e-006	5.975626e-006
0.000000e+000	-5.000000e-002	3.275862e-002	0.000000e+000	-2.474969e-007	-7.533424e-006	7.537488e-006
0.000000e+000	-5.000000e-002	3.620690e-002	0.000000e+000	-2.686518e-007	-9.044017e-006	9.048007e-006
0.000000e+000	-5.000000e-002	3.965517e-002	0.000000e+000	-2.887171e-007	-1.039703e-005	1.040104e-005
0.000000e+000	-5.000000e-002	4.310345e-002	0.000000e+000	-3.077540e-007	-1.148226e-005	1.148638e-005
0.000000e+000	-5.000000e-002	4.655172e-002	0.000000e+000	-3.258505e-007	-1.220151e-005	1.220586e-005
0.000000e+000	-5.000000e-002	5.000000e-002	0.000000e+000	-3.431124e-007	-1.248605e-005	1.249077e-005
0.000000e+000	-4.655172e-002	-5.000000e-002	0.000000e+000	3.160161e-007	-1.250255e-005	1.250655e-005
0.000000e+000	-4.655172e-002	-4.655172e-002	0.000000e+000	2.995811e-007	-1.221875e-005	1.222242e-005
0.000000e+000	-4.655172e-002	-4.310345e-002	0.000000e+000	2.824038e-007	-1.150033e-005	1.150380e-005
0.000000e+000	-4.655172e-002	-3.965517e-002	0.000000e+000	2.644147e-007	-1.041602e-005	1.041937e-005
0.000000e+000	-4.655172e-002	-3.620690e-002	0.000000e+000	2.455567e-007	-9.063979e-006	9.067305e-006
0.000000e+000	-4.655172e-002	-3.275862e-002	0.000000e+000	2.257920e-007	-7.554395e-006	7.557769e-006
0.000000e+000	-4.655172e-002	-2.931034e-002	0.000000e+000	2.051062e-007	-5.993368e-006	5.996877e-006
0.000000e+000	-4.655172e-002	-2.586207e-002	0.000000e+000	1.835107e-007	-4.471683e-006	4.475447e-006
0.000000e+000	-4.655172e-002	-2.241379e-002	0.000000e+000	1.610436e-007	-3.059427e-006	3.063663e-006
0.000000e+000	-4.655172e-002	-1.896552e-002	0.000000e+000	1.377680e-007	-1.805594e-006	1.810842e-006
0.000000e+000	-4.655172e-002	-1.551724e-002	0.000000e+000	1.137703e-007	-7.409207e-007	7.496046e-007
0.000000e+000	-4.655172e-002	-1.206897e-002	0.000000e+000	8.915587e-008	1.177646e-007	1.477067e-007
0.000000e+000	-4.655172e-002	-8.620690e-003	0.000000e+000	6.404627e-008	7.630057e-007	7.656890e-007
0.000000e+000	-4.655172e-002	-5.172414e-003	0.000000e+000	3.857476e-008	1.192748e-006	1.193371e-006
0.000000e+000	-4.655172e-002	-1.724138e-003	0.000000e+000	1.288291e-008	1.407294e-006	1.407353e-006
0.000000e+000	-4.655172e-002	1.724138e-003	0.000000e+000	-1.288291e-008	1.407294e-006	1.407353e-006
0.000000e+000	-4.655172e-002	5.172414e-003	0.000000e+000	-3.857476e-008	1.192748e-006	1.193371e-006
0.000000e+000	-4.655172e-002	8.620690e-003	0.000000e+000	-6.404627e-008	7.630057e-007	7.656890e-007
0.000000e+000	-4.655172e-002	1.206897e-002	0.000000e+000	-8.915587e-008	1.177646e-007	1.477067e-007
0.000000e+000	-4.655172e-002	1.551724e-002	0.000000e+000	-1.137703e-007	-7.409207e-007	7.496046e-007
0.000000e+000	-4.655172e-002	1.896552e-002	0.000000e+000	-1.377680e-007	-1.805594e-006	1.810842e-006
0.000000e+000	-4.655172e-002	2.241379e-002	0.000000e+000	-1.610436e-007	-3.059427e-006	3.063663e-006
0.000000e+000	-4.655172e-002	2.586207e-002	0.000000e+000	-1.835107e-007	-4.471683e-006	4.475447e-006
0.000000e+000	-4.655172e-002	2.931034e-002	0.000000e+000	-2.051062e-007	-5.993368e-006	5.996877e-006
0.000000e+000	-4.655172e-002	3.275862e-002	0.000000e+000	-2.257920e-007	-7.554395e-006	7.557769e-006
0.000000e+000	-4.655172e-002	3.620690e-002	0.000000e+000	-2.455567e-007	-9.063979e-006	9.067305e-006
0.000000e+000	-4.655172e-002	3.965517e-002	0.000000e+000	-2.644147e-007	-1.041602e-005	1.041937e-005
0.000000e+000	-4.655172e-002	4.310345e-002	0.000000e+000	-2.824038e-007	-1.150033e-005	1.150380e-005
0.000000e+000	-4.655172e-002	4.655172e-002	0.000000e+000	-2.995811e-007	-1.221875e-005	1.222242e-005
0.000000e+000	-4.655172e-002	5.000000e-002	0.000000e+000	-3.160161e-007	-1.250255e-005	1.250655e-005
0.000000e+000	-4.310345e-002	-5.000000e-002	0.000000e+000	2.896517e-007	-1.251818e-005	1.252153e-005
0.000000e+000	-4.310345e-002	-4.655172e-002	0.000000e+000	2.741953e-007	-1.223505e-005	1.223812e-005
0.000000e+000	-4.310345e-002	-4.310345e-002	0.000000e+000	2.580775e-007	-1.151736e-005	1.152025e-005
0.000000e+000	-4.310345e-002	-3.965517e-002	0.000000e+000	2.412545e-007	-1.043383e-005	1.043661e-005
0.000000e+000	-4.310345e-002	-3.620690e-002	0.000000e+000	2.236914e-007	-9.082608e-006	9.085362e-006
0.000000e+000	-4.310345e-002	-3.275862e-002	0.000000e+000	2.053671e-007	-7.573864e-006	7.576647e-006
0.000000e+000	-4.310345e-002	-2.931034e-002	0.000000e+000	1.862777e-007	-6.013674e-006	6.016558e-006
0.000000e+000	-4.310345e-002	-2.586207e-002	0.000000e+000	1.664380e-007	-4.492801e-006	4.495883e-006
0.000000e+000	-4.310345e-002	-2.241379e-002	0.000000e+000	1.458827e-007	-3.081311e-006	3.084762e-006
0.000000e+000	-4.310345e-002	-1.896552e-002	0.000000e+000	1.246657e-007	-1.828173e-006	1.832419e-006
0.000000e+000	-4.310345e-002	-1.551724e-002	0.000000e+000	1.028582e-007	-7.641086e-007	7.710005e-007
0.000000e+000	-4.310345e-002	-1.206897e-002	0.000000e+000	8.054680e-008	9.407136e-008	1.238435e-007
0.000000e+000	-4.310345e-002	-8.620690e-003	0.000000e+000	5.783068e-008	7.389228e-007	7.411824e-007
0.000000e+000	-4.310345e-002	-5.172414e-003	0.000000e+000	3.481866e-008	1.168400e-006	1.168919e-006
0.000000e+000	-4.310345e-002	-1.724138e-003	0.000000e+000	1.162639e-008	1.382813e-006	1.382862e-006
0.000000e+000	-4.310345e-002	1.724138e-003	0.000000e+000	-1.162639e-008	1.382813e-006	1.382862e-006
0.000000e+000	-4.310345e-002	5.172414e-003	0.000000e+000	-3.481866e-008	1.168400e-006	1.168919e-006
0.000000e+000	-4.310345e-002	8.620690e-003	0.000000e+000	-5.783068e-008	7.389228e-007	7.411824e-007
0.000000e+000	-4.310345e-002	1.206897e-002	0.000000e+000	-8.054680e-008	9.407136e-008	1.238435e-007
0.000000e+000	-4.310345e-002	1.551724e-002	0.000000e+000	-1.028582e-007	-7.641086e-007	7.710005e-007
0.000000e+000	-4.310345e-002	1.896552e-002	0.000000e+000	-1.246657e-007	-1.828173e-006	1.832419e-006
0.000000e+000	-4.310345e-002	2.241379e-002	0.000000e+000	-1.458827e-007	-3.081311e-006	3.084762e-006
0.000000e+000	-4.310345e-002	2.586207e-002	0.000000e+000	-1.664380e-007	-4.492801e-006	4.495883e-006
0.000000e+000	-4.310345e-002	2.931034e-002	0.000000e+000	-1.862777e-007	-6.013674e-006	6.016558e-006
0.000000e+000	-4.310345e-002	3.275862e-002	0.000000e+000	-2.053671e-007	-7.573864e-006	7.576647e-006
0.000000e+000	-4.310345e-002	3.620690e-002	0.000000e+000	-2.236914e-007	-9.082608e-006	9.085362e-006
0.000000e+000	-4.310345e-002	3.965517e-002	0.000000e+000	-2.412545e-007	-1.043383e-005	1.043661e-005
0.000000e+000	-4.310345e-002	4.310345e-002	0.000000e+000	-2.580775e-007	-1.151736e-005	1.152025e-005
0.000000e+000	-4.310345e-002	4.655172e-002	0.000000e+000	-2.741953e-007	-1.223505e-005	1.223812e-005
0.000000e+000	-4.310345e-002	5.000000e-002	0.000000e+000	-2.896517e-007	-1.251818e-005	1.252153e-005
0.000000e+000	-3.965517e-002	-5.000000e-002	0.000000e+000	2.639673e-007	-1.253280e-005	1.253558e-005
0.000000e+000	-3.965517e-002	-4.655172e-002	0.000000e+000	2.495954e-007	-1.225028e-005	1.225282e-005
0.000000e+000	-3.965517e-002	-4.310345e-002	0.000000e+000	2.346343e-007	-1.153323e-005	1.153562e-005
0.000000e+000	-3.965517e-002	-3.965517e-002	0.000000e+000	2.190584e-007	-1.045037e-005	1.045267e-005
0.000000e+000	-3.965517e-002	-3.620690e-002	0.000000e+000	2.028484e-007	-9.099847e-006	9.102108e-006
0.000000e+000	-3.965517e-002	-3.275862e-002	0.000000e+000	1.859951e-007	-7.591806e-006	7.594084e-006
0.000000e+000	-3.965517e-002	-2.931034e-002	0.000000e+000	1.685017e-007	-6.032311e-006	6.034664e-006
0.000000e+000	-3.965517e-002	-2.586207e-002	0.000000e+000	1.503855e-007	-4.512109e-006	4.514614e-006
0.000000e+000	-3.965517e-002	-2.241379e-002	0.000000e+000	1.316782e-007	-3.101247e-006	3.104041e-006
0.000000e+000	-3.965517e-002	-1.896552e-002	0.000000e+000	1.124264e-007	-1.848680e-006	1.852096e-006
0.000000e+000	-3.965517e-002	-1.551724e-002	0.000000e+000	9.268958e-008	-7.851144e-007	7.905669e-007
0.000000e+000	-3.965517e-002	-1.206897e-002	0.000000e+000	7.253949e-008	7.265195e-008	1.026659e-007
0.000000e+000	-3.965517e-002	-8.620690e-003	0.000000e+000	5.205758e-008	7.171845e-007	7.190714e-007
0.000000e+000	-3.965517e-002	-5.172414e-003	0.000000e+000	3.133312e-008	1.146445e-006	1.146873e-006
0.000000e+000	-3.965517e-002	-1.724138e-003	0.000000e+000	1.046091e-008	1.360748e-006	1.360789e-006
0.000000e+000	-3.965517e-002	1.724138e-003	0.000000e+000	-1.046091e-008	1.360748e-006	1.360789e-006
0.000000e+000	-3.965517e-002	5.172414e-003	0.000000e+000	-3.133312e-008	1.146445e-006	1.146873e-006
0.000000e+000	-3.965517e-002	8.620690e-003	0.000000e+000	-5.205758e-008	7.171845e-007	7.190714e-007
0.000000e+000	-3.965517e-002	1.206897e-002	0.000000e+000	-7.253949e-008	7.265195e-008	1.026659e-007
0.000000e+000	-3.965517e-002	1.551724e-002	0.000000e+000	-9.268958e-008	-7.851144e-007	7.905669e-007
0.000000e+000	-3.965517e-002	1.896552e-002	0.000000e+000	-1.124264e-007	-1.848680e-006	1.852096e-006
0.000000e+000	-3.965517e-002	2.241379e-002	0.000000e+000	-1.316782e-007	-3.101247e-006	3.104041e-006
0.000000e+000	-3.965517e-002	2.586207e-002	0.000000e+000	-1.503855e-007	-4.512109e-006	4.514614e-006
0.000000e+000	-3.965517e-002	2.931034e-002	0.000000e+000	-1.685017e-007	-6.032311e-006	6.034664e-006
0.000000e+000	-3.965517e-002	3.275862e-002	0.000000e+000	-1.859951e-007	-7.591806e-006	7.594084e-006
0.000000e+000	-3.965517e-002	3.620690e-002	0.000000e+000	-2.028484e-007	-9.099847e-006	9.102108e-006
0.000000e+000	-3.965517e-002	3.965517e-002	0.000000e+000	-2.190584e-007	-1.045037e-005	1.045267e-005
0.000000e+000	-3.965517e-002	4.310345e-002	0.000000e+000	-2.346343e-007	-1.153323e-005	1.153562e-005
0.000000e+000	-3.965517e-002	4.655172e-002	0.000000e+000	-2.495954e-007	-1.225028e-005	1.225282e-005
0.000000e+000	-3.965517e-002	5.000000e-002	0.000000e+000	-2.639673e-007	-1.253280e-005	1.253558e-005
0.000000e+000	-3.620690e-002	-5.000000e-002	0.000000e+000	2.389099e-007	-1.254633e-005	1.254860e-005
0.000000e+000	-3.620690e-002	-4.655172e-002	0.000000e+000	2.256950e-007	-1.226435e-005	1.226643e-005
0.000000e+000	-3.620690e-002	-4.310345e-002	0.000000e+000	2.119567e-007	-1.154787e-005	1.154981e-005
0.000000e+000	-3.620690e-002	-3.965517e-002	0.000000e+000	1.976817e-007	-1.046559e-005	1.046746e-005
0.000000e+000	-3.620690e-002	-3.620690e-002	0.000000e+000	1.828616e-007	-9.115661e-006	9.117495e-006
0.000000e+000	-3.620690e-002	-3.275862e-002	0.000000e+000	1.674955e-007	-7.608212e-006	7.610056e-006
0.000000e+000	-3.620690e-002	-2.931034e-002	0.000000e+000	1.515912e-007	-6.049298e-006	6.051197e-006
0.000000e+000	-3.620690e-002	-2.586207e-002	0.000000e+000	1.351672e-007	-4.529652e-006	4.531668e-006
0.000000e+000	-3.620690e-002	-2.241379e-002	0.000000e+000	1.182529e-007	-3.119310e-006	3.121550e-006
0.000000e+000	-3.620690e-002	-1.896552e-002	0.000000e+000	1.008884e-007	-1.867213e-006	1.869937e-006
0.000000e+000	-3.620690e-002	-1.551724e-002	0.000000e+000	8.312428e-008	-8.040569e-007	8.083422e-007
0.000000e+000	-3.620690e-002	-1.206897e-002	0.000000e+000	6.502003e-008	5.336983e-008	8.411862e-008
0.000000e+000	-3.620690e-002	-8.620690e-003	0.000000e+000	4.664303e-008	6.976407e-007	6.991982e-007
0.000000e+000	-3.620690e-002	-5.172414e-003	0.000000e+000	2.806677e-008	1.126723e-006	1.127073e-006
0.000000e+000	-3.620690e-002	-1.724138e-003	0.000000e+000	9.369170e-009	1.340937e-006	1.340970e-006
0.000000e+000	-3.620690e-002	1.724138e-003	0.000000e+000	-9.369170e-009	1.340937e-006	1.340970e-006
0.000000e+000	-3.620690e-002	5.172414e-003	0.000000e+000	-2.806677e-008	1.126723e-006	1.127073e-006
0.000000e+000	-3.620690e-002	8.620690e-003	0.000000e+000	-4.664303e-008	6.976407e-007	6.991982e-007
0.000000e+000	-3.620690e-002	1.206897e-002	0.000000e+000	-6.502003e-008	5.336983e-008	8.411862e-008
0.000000e+000	-3.620690e-002	1.551724e-002	0.000000e+000	-8.312428e-008	-8.040569e-007	8.083422e-007
0.000000e+000	-3.620690e-002	1.896552e-002	0.000000e+000	-1.008884e-007	-1.867213e-006	1.869937e-006
0.000000e+000	-3.620690e-002	2.241379e-002	0.000000e+000	-1.182529e-007	-3.119310e-006	3.121550e-006
0.000000e+000	-3.620690e-002	2.586207e-002	0.000000e+000	-1.351672e-007	-4.529652e-006	4.531668e-006
0.000000e+000	-3.620690e-002	2.931034e-002	0.000000e+000	-1.515912e-007	-6.049298e-006	6.051197e-006
0.000000e+000	-3.620690e-002	3.275862e-002	0.000000e+000	-1.674955e-007	-7.608212e-006	7.610056e-006
0.000000e+000	-3.620690e-002	3.620690e-002	0.000000e+000	-1.828616e-007	-9.115661e-006	9.117495e-006
0.000000e+000	-3.620690e-002	3.965517e-002	0.000000e+000	-1.976817e-007	-1.046559e-005	1.046746e-005
0.000000e+000	-3.620690e-002	4.310345e-002	0.000000e+000	-2.119567e-007	-1.154787e-005	1.154981e-005
0.000000e+000	-3.620690e-002	4.655172e-002	0.000000e+000	-2.256950e-007	-1.226435e-005	1.226643e-005
0.000000e+000	-3.620690e-002	5.000000e-002	0.000000e+000	-2.389099e-007	-1.254633e-005	1.254860e-005
0.000000e+000	-3.275862e-002	-5.000000e-002	0.000000e+000	2.144259e-007	-1.255870e-005	1.256053e-005
0.000000e+000	-3.275862e-002	-4.655172e-002	0.000000e+000	2.024165e-007	-1.227721e-005	1.227888e-005
0.000000e+000	-3.275862e-002	-4.310345e-002	0.000000e+000	1.899441e-007	-1.156123e-005	1.156279e-005
0.000000e+000	-3.275862e-002	-3.965517e-002	0.000000e+000	1.770041e-007	-1.047945e-005	1.048095e-005
0.000000e+000	-3.275862e-002	-3.620690e-002	0.000000e+000	1.635955e-007	-9.130030e-006	9.131495e-006
0.000000e+000	-3.275862e-002	-3.275862e-002	0.000000e+000	1.497225e-007	-7.623081e-006	7.624552e-006
0.000000e+000	-3.275862e-002	-2.931034e-002	0.000000e+000	1.353959e-007	-6.064654e-006	6.066165e-006
0.000000e+000	-3.275862e-002	-2.586207e-002	0.000000e+000	1.206345e-007	-4.545471e-006	4.547072e-006
0.000000e+000	-3.275862e-002	-2.241379e-002	0.000000e+000	1.054652e-007	-3.135560e-006	3.137333e-006
0.000000e+000	-3.275862e-002	-1.896552e-002	0.000000e+000	8.992279e-008	-1.883852e-006	1.885997e-006
0.000000e+000	-3.275862e-002	-1.551724e-002	0.000000e+000	7.405022e-008	-8.210334e-007	8.243660e-007
0.000000e+000	-3.275862e-002	-1.206897e-002	0.000000e+000	5.789729e-008	3.611369e-008	6.823705e-008
0.000000e+000	-3.275862e-002	-8.620690e-003	0.000000e+000	4.151981e-008	6.801694e-007	6.814354e-007
0.000000e+000	-3.275862e-002	-5.172414e-003	0.000000e+000	2.497843e-008	1.109106e-006	1.109387e-006
0.000000e+000	-3.275862e-002	-1.724138e-003	0.000000e+000	8.337306e-009	1.323245e-006	1.323272e-006
0.000000e+000	-3.275862e-002	1.724138e-003	0.000000e+000	-8.337306e-009	1.323245e-006	1.323272e-006
0.000000e+000	-3.275862e-002	5.172414e-003	0.000000e+000	-2.497843e-008	1.109106e-006	1.109387e-006
0.000000e+000	-3.275862e-002	8.620690e-003	0.000000e+000	-4.151981e-008	6.801694e-007	6.814354e-007
0.000000e+000	-3.275862e-002	1.206897e-002	0.000000e+000	-5.789729e-008	3.611369e-008	6.823705e-008
0.000000e+000	-3.275862e-002	1.551724e-002	0.000000e+000	-7.405022e-008	-8.210334e-007	8.243660e-007
0.000000e+000	-3.275862e-002	1.896552e-002	0.000000e+000	-8.992279e-008	-1.883852e-006	1.885997e-006
0.000000e+000	-3.275862e-002	2.241379e-002	0.000000e+000	-1.054652e-007	-3.135560e-006	3.137333e-006
0.000000e+000	-3.275862e-002	2.586207e-002	0.000000e+000	-1.206345e-007	-4.545471e-006	4.547072e-006
0.000000e+000	-3.275862e-002	2.931034e-002	0.000000e+000	-1.353959e-007	-6.064654e-006	6.066165e-006
0.000000e+000	-3.275862e-002	3.275862e-002	0.000000e+000	-1.497225e-007	-7.623081e-006	7.624552e-006
0.000000e+000	-3.275862e-002	3.620690e-002	0.000000e+000	-1.635955e-007	-9.130030e-006	9.131495e-006
0.000000e+000	-3.275862e-002	3.965517e-002	0.000000e+000	-1.770041e-007	-1.047945e-005	1.048095e-005
0.000000e+000	-3.275862e-002	4.310345e-002	0.000000e+000	-1.899441e-007	-1.156123e-005	1.156279e-005
0.000000e+000	-3.275862e-002	4.655172e-002	0.000000e+000	-2.024165e-007	-1.227721e-005	1.227888e-005
0.000000e+000	-3.275862e-002	5.000000e-002	0.000000e+000	-2.144259e-007	-1.255870e-005	1.256053e-005
0.000000e+000	-2.931034e-002	-5.000000e-002	0.000000e+000	1.904611e-007	-1.256988e-005	1.257132e-005
0.000000e+000	-2.931034e-002	-4.655172e-002	0.000000e+000	1.796882e-007	-1.228882e-005	1.229013e-005
0.000000e+000	-2.931034e-002	-4.310345e-002	0.000000e+000	1.685089e-007	-1.157327e-005	1.157450e-005
0.000000e+000	-2.931034e-002	-3.965517e-002	0.000000e+000	1.569242e-007	-1.049193e-005	1.049311e-005
0.000000e+000	-2.931034e-002	-3.620690e-002	0.000000e+000	1.449377e-007	-9.142943e-006	9.144092e-006
0.000000e+000	-2.931034e-002	-3.275862e-002	0.000000e+000	1.325567e-007	-7.636419e-006	7.637569e-006
0.000000e+000	-2.931034e-002	-2.931034e-002	0.000000e+000	1.197938e-007	-6.078400e-006	6.079581e-006
0.000000e+000	-2.931034e-002	-2.586207e-002	0.000000e+000	1.066670e-007	-4.559605e-006	4.560852e-006
0.000000e+000	-2.931034e-002	-2.241379e-002	0.000000e+000	9.320075e-008	-3.150051e-006	3.151429e-006
0.000000e+000	-2.931034e-002	-1.896552e-002	0.000000e+000	7.942536e-008	-1.898664e-006	1.900325e-006
0.000000e+000	-2.931034e-002	-1.551724e-002	0.000000e+000	6.537717e-008	-8.361243e-007	8.386763e-007
0.000000e+000	-2.931034e-002	-1.206897e-002	0.000000e+000	5.109786e-008	2.079253e-008	5.516630e-008
0.000000e+000	-2.931034e-002	-8.620690e-003	0.000000e+000	3.663377e-008	6.646711e-007	6.656799e-007
0.000000e+000	-2.931034e-002	-5.172414e-003	0.000000e+000	2.203493e-008	1.093488e-006	1.093710e-006
0.000000e+000	-2.931034e-002	-1.724138e-003	0.000000e+000	7.354145e-009	1.307566e-006	1.307587e-006
0.000000e+000	-2.931034e-002	1.724138e-003	0.000000e+000	-7.354145e-009	1.307566e-006	1.307587e-006
0.000000e+000	-2.931034e-002	5.172414e-003	0.000000e+000	-2.203493e-008	1.093488e-006	1.093710e-006
0.000000e+000	-2.931034e-002	8.620690e-003	0.000000e+000	-3.663377e-008	6.646711e-007	6.656799e-007
0.000000e+000	-2.931034e-002	1.206897e-002	0.000000e+000	-5.109786e-008	2.079253e-008	5.516630e-008
0.000000e+000	-2.931034e-002	1.551724e-002	0.000000e+000	-6.537717e-008	-8.361243e-007	8.386763e-007
0.000000e+000	-2.931034e-002	1.896552e-002	0.000000e+000	-7.942536e-008	-1.898664e-006	1.900325e-006
0.000000e+000	-2.931034e-002	2.241379e-002	0.000000e+000	-9.320075e-008	-3.150051e-006	3.151429e-006
0.000000e+000	-2.931034e-002	2.586207e-002	0.000000e+000	-1.066670e-007	-4.559605e-006	4.560852e-006
0.000000e+000	-2.931034e-002	2.931034e-002	0.000000e+000	-1.197938e-007	-6.078400e-006	6.079581e-006
0.000000e+000	-2.931034e-002	3.275862e-002	0.000000e+000	-1.325567e-007	-7.636419e-006	7.637569e-006
0.000000e+000	-2.931034e-002	3.620690e-002	0.000000e+000	-1.449377e-007	-9.142943e-006	9.144092e-006
0.000000e+000	-2.931034e-002	3.965517e-002	0.000000e+000	-1.569242e-007	-1.049193e-005	1.049311e-005
0.000000e+000	-2.931034e-002	4.310345e-002	0.000000e+000	-1.685089e-007	-1.157327e-005	1.157450e-005
0.000000e+000	-2.931034e-002	4.655172e-002	0.000000e+000	-1.796882e-007	-1.228882e-005	1.229013e-005
0.000000e+000	-2.931034e-002	5.000000e-002	0.000000e+000	-1.904611e-007	-1.256988e-005	1.257132e-005
0.000000e+000	-2.586207e-002	-5.000000e-002	0.000000e+000	1.669610e-007	-1.257983e-005	1.258094e-005
0.000000e+000	-2.586207e-002	-4.655172e-002	0.000000e+000	1.574434e-007	-1.229916e-005	1.230016e-005
0.000000e+000	-2.586207e-002	-4.310345e-002	0.000000e+000	1.475730e-007	-1.158399e-005	1.158493e-005
0.000000e+000	-2.586207e-002	-3.965517e-002	0.000000e+000	1.373541e-007	-1.050302e-005	1.050392e-005
0.000000e+000	-2.586207e-002	-3.620690e-002	0.000000e+000	1.267929e-007	-9.154401e-006	9.155279e-006
0.000000e+000	-2.586207e-002	-3.275862e-002	0.000000e+000	1.158985e-007	-7.648234e-006	7.649112e-006
0.000000e+000	-2.586207e-002	-2.931034e-002	0.000000e+000	1.046838e-007	-6.090557e-006	6.091457e-006
0.000000e+000	-2.586207e-002	-2.586207e-002	0.000000e+000	9.316584e-008	-4.572084e-006	4.573033e-006
0.000000e+000	-2.586207e-002	-2.241379e-002	0.000000e+000	8.136625e-008	-3.162827e-006	3.163873e-006
0.000000e+000	-2.586207e-002	-1.896552e-002	0.000000e+000	6.931128e-008	-1.911706e-006	1.912962e-006
0.000000e+000	-2.586207e-002	-1.551724e-002	0.000000e+000	5.703161e-008	-8.493957e-007	8.513082e-007
0.000000e+000	-2.586207e-002	-1.206897e-002	0.000000e+000	4.456204e-008	7.331710e-009	4.516115e-008
0.000000e+000	-2.586207e-002	-8.620690e-003	0.000000e+000	3.194086e-008	6.510649e-007	6.518479e-007
0.000000e+000	-2.586207e-002	-5.172414e-003	0.000000e+000	1.920928e-008	1.079783e-006	1.079954e-006
0.000000e+000	-2.586207e-002	-1.724138e-003	0.000000e+000	6.410599e-009	1.293812e-006	1.293828e-006
0.000000e+000	-2.586207e-002	1.724138e-003	0.000000e+000	-6.410599e-009	1.293812e-006	1.293828e-006
0.000000e+000	-2.586207e-002	5.172414e-003	0.000000e+000	-1.920928e-008	1.079783e-006	1.079954e-006
0.000000e+000	-2.586207e-002	8.620690e-003	0.000000e+000	-3.194086e-008	6.510649e-007	6.518479e-007
0.000000e+000	-2.586207e-002	1.206897e-002	0.000000e+000	-4.456204e-008	7.331710e-009	4.516115e-008
0.000000e+000	-2.586207e-002	1.551724e-002	0.000000e+000	-5.703161e-008	-8.493957e-007	8.513082e-007
0.000000e+000	-2.586207e-002	1.896552e-002	0.000000e+000	-6.931128e-008	-1.911706e-006	1.912962e-006
0.000000e+000	-2.586207e-002	2.241379e-002	0.000000e+000	-8.136625e-008	-3.162827e-006	3.163873e-006
0.000000e+000	-2.586207e-002	2.586207e-002	0.000000e+000	-9.316584e-008	-4.572084e-006	4.573033e-006
0.000000e+000	-2.586207e-002	2.931034e-002	0.000000e+000	-1.046838e-007	-6.090557e-006	6.091457e-006
0.000000e+000	-2.586207e-002	3.275862e-002	0.000000e+000	-1.158985e-007	-7.648234e-006	7.649112e-006
0.000000e+000	-2.586207e-002	3.620690e-002	0.000000e+000	-1.267929e-007	-9.154401e-006	9.155279e-006
0.000000e+000	-2.586207e-002	3.965517e-002	0.000000e+000	-1.373541e-007	-1.050302e-005	1.050392e-005
0.000000e+000	-2.586207e-002	4.310345e-002	0.000000e+000	-1.475730e-007	-1.158399e-005	1.158493e-005
0.000000e+000	-2.586207e-002	4.655172e-002	0.000000e+000	-1.574434e-007	-1.229916e-005	1.230016e-005
0.000000e+000	-2.586207e-002	5.000000e-002	0.000000e+000	-1.669610e-007	-1.257983e-005	1.258094e-005
0.000000e+000	-2.241379e-002	-5.000000e-002	0.000000e+000	1.438710e-007	-1.258855e-005	1.258938e-005
0.000000e+000	-2.241379e-002	-4.655172e-002	0.000000e+000	1.356192e-007	-1.230820e-005	1.230895e-005
0.000000e+000	-2.241379e-002	-4.310345e-002	0.000000e+000	1.270656e-007	-1.159336e-005	1.159406e-005
0.000000e+000	-2.241379e-002	-3.965517e-002	0.000000e+000	1.182165e-007	-1.051272e-005	1.051338e-005
0.000000e+000	-2.241379e-002	-3.620690e-002	0.000000e+000	1.090791e-007	-9.164404e-006	9.165053e-006
0.000000e+000	-2.241379e-002	-3.275862e-002	0.000000e+000	9.966318e-008	-7.658537e-006	7.659185e-006
0.000000e+000	-2.241379e-002	-2.931034e-002	0.000000e+000	8.998114e-008	-6.101146e-006	6.101809e-006
0.000000e+000	-2.241379e-002	-2.586207e-002	0.000000e+000	8.004848e-008	-4.582939e-006	4.583638e-006
0.000000e+000	-2.241379e-002	-2.241379e-002	0.000000e+000	6.988409e-008	-3.173926e-006	3.174696e-006
0.000000e+000	-2.241379e-002	-1.896552e-002	0.000000e+000	5.951035e-008	-1.923024e-006	1.923945e-006
0.000000e+000	-2.241379e-002	-1.551724e-002	0.000000e+000	4.895293e-008	-8.609022e-007	8.622929e-007
0.000000e+000	-2.241379e-002	-1.206897e-002	0.000000e+000	3.824061e-008	-4.329899e-009	3.848496e-008
0.000000e+000	-2.241379e-002	-8.620690e-003	0.000000e+000	2.740485e-008	6.392844e-007	6.398715e-007
0.000000e+000	-2.241379e-002	-5.172414e-003	0.000000e+000	1.647929e-008	1.067922e-006	1.068049e-006
0.000000e+000	-2.241379e-002	-1.724138e-003	0.000000e+000	5.499194e-009	1.281910e-006	1.281922e-006
0.000000e+000	-2.241379e-002	1.724138e-003	0.000000e+000	-5.499194e-009	1.281910e-006	1.281922e-006
0.000000e+000	-2.241379e-002	5.172414e-003	0.000000e+000	-1.647929e-008	1.067922e-006	1.068049e-006
0.000000e+000	-2.241379e-002	8.620690e-003	0.000000e+000	-2.740485e-008	6.392844e-007	6.398715e-007
0.000000e+000	-2.241379e-002	1.206897e-002	0.000000e+000	-3.824061e-008	-4.329899e-009	3.848496e-008
0.000000e+000	-2.241379e-002	1.551724e-002	0.000000e+000	-4.895293e-008	-8.609022e-007	8.622929e-007
0.000000e+000	-2.241379e-002	1.896552e-002	0.000000e+000	-5.951035e-008	-1.923024e-006	1.923945e-006
0.000000e+000	-2.241379e-002	2.241379e-002	0.000000e+000	-6.988409e-008	-3.173926e-006	3.174696e-006
0.000000e+000	-2.241379e-002	2.586207e-002	0.000000e+000	-8.004848e-008	-4.582939e-006	4.583638e-006
0.000000e+000	-2.241379e-002	2.931034e-002	0.000000e+000	-8.998114e-008	-6.101146e-006	6.101809e-006
0.000000e+000	-2.241379e-002	3.275862e-002	0.000000e+000	-9.966318e-008	-7.658537e-006	7.659185e-006
0.000000e+000	-2.241379e-002	3.620690e-002	0.000000e+000	-1.090791e-007	-9.164404e-006	9.165053e-006
0.000000e+000	-2.241379e-002	3.965517e-002	0.000000e+000	-1.182165e-007	-1.051272e-005	1.051338e-005
0.000000e+000	-2.241379e-002	4.310345e-002	0.000000e+000	-1.270656e-007	-1.159336e-005	1.159406e-005
0.000000e+000	-2.241379e-002	4.655172e-002	0.000000e+000	-1.356192e-007	-1.230820e-005	1.230895e-005
0.000000e+000	-2.241379e-002	5.000000e-002	0.000000e+000	-1.438710e-007	-1.258855e-005	1.258938e-005
0.000000e+000	-1.896552e-002	-5.000000e-002	0.000000e+000	1.211362e-007	-1.259603e-005	1.259661e-005
0.000000e+000	-1.896552e-002	-4.655172e-002	0.000000e+000	1.141550e-007	-1.231596e-005	1.231649e-005
0.000000e+000	-1.896552e-002	-4.310345e-002	0.000000e+000	1.069213e-007	-1.160139e-005	1.160188e-005
0.000000e+000	-1.896552e-002	-3.965517e-002	0.000000e+000	9.944167e-008	-1.052101e-005	1.052148e-005
0.000000e+000	-1.896552e-002	-3.620690e-002	0.000000e+000	9.172388e-008	-9.172960e-006	9.173418e-006
0.000000e+000	-1.896552e-002	-3.275862e-002	0.000000e+000	8.377722e-008	-7.667340e-006	7.667798e-006
0.000000e+000	-1.896552e-002	-2.931034e-002	0.000000e+000	7.561298e-008	-6.110184e-006	6.110652e-006
0.000000e+000	-1.896552e-002	-2.586207e-002	0.000000e+000	6.724478e-008	-4.592196e-006	4.592688e-006
0.000000e+000	-1.896552e-002	-2.241379e-002	0.000000e+000	5.868874e-008	-3.183383e-006	3.183924e-006
0.000000e+000	-1.896552e-002	-1.896552e-002	0.000000e+000	4.996352e-008	-1.932658e-006	1.933304e-006
0.000000e+000	-1.896552e-002	-1.551724e-002	0.000000e+000	4.109027e-008	-8.706890e-007	8.716580e-007
0.000000e+000	-1.896552e-002	-1.206897e-002	0.000000e+000	3.209243e-008	-1.424219e-008	3.511074e-008
0.000000e+000	-1.896552e-002	-8.620690e-003	0.000000e+000	2.299545e-008	6.292760e-007	6.296960e-007
0.000000e+000	-1.896552e-002	-5.172414e-003	0.000000e+000	1.382643e-008	1.057848e-006	1.057939e-006
0.000000e+000	-1.896552e-002	-1.724138e-003	0.000000e+000	4.613697e-009	1.271804e-006	1.271812e-006
0.000000e+000	-1.896552e-002	1.724138e-003	0.000000e+000	-4.613697e-009	1.271804e-006	1.271812e-006
0.000000e+000	-1.896552e-002	5.172414e-003	0.000000e+000	-1.382643e-008	1.057848e-006	1.057939e-006
0.000000e+000	-1.896552e-002	8.620690e-003	0.000000e+000	-2.299545e-008	6.292760e-007	6.296960e-007
0.000000e+000	-1.896552e-002	1.206897e-002	0.000000e+000	-3.209243e-008	-1.424219e-008	3.511074e-008
0.000000e+000	-1.896552e-002	1.551724e-002	0.000000e+000	-4.109027e-008	-8.706890e-007	8.716580e-007
0.000000e+000	-1.896552e-002	1.896552e-002	0.000000e+000	-4.996352e-008	-1.932658e-006	1.933304e-006
0.000000e+000	-1.896552e-002	2.241379e-002	0.000000e+000	-5.868874e-008	-3.183383e-006	3.183924e-006
0.000000e+000	-1.896552e-002	2.586207e-002	0.000000e+000	-6.724478e-008	-4.592196e-006	4.592688e-006
0.000000e+000	-1.896552e-002	2.931034e-002	0.000000e+000	-7.561298e-008	-6.110184e-006	6.110652e-006
0.000000e+000	-1.896552e-002	3.275862e-002	0.000000e+000	-8.377722e-008	-7.667340e-006	7.667798e-006
0.000000e+000	-1.896552e-002	3.620690e-002	0.000000e+000	-9.172388e-008	-9.172960e-006	9.173418e-006
0.000000e+000	-1.896552e-002	3.965517e-002	0.000000e+000	-9.944167e-008	-1.052101e-005	1.052148e-005
0.000000e+000	-1.896552e-002	4.310345e-002	0.000000e+000	-1.069213e-007	-1.160139e-005	1.160188e-005
0.000000e+000	-1.896552e-002	4.655172e-002	0.000000e+000	-1.141550e-007	-1.231596e-005	1.231649e-005
0.000000e+000	-1.896552e-002	5.000000e-002	0.000000e+000	-1.211362e-007	-1.259603e-005	1.259661e-005
0.000000e+000	-1.551724e-002	-5.000000e-002	0.000000e+000	9.870191e-008	-1.260226e-005	1.260265e-005
0.000000e+000	-1.551724e-002	-4.655172e-002	0.000000e+000	9.299262e-008	-1.232242e-005	1.232277e-005
0.000000e+000	-1.551724e-002	-4.310345e-002	0.000000e+000	8.707854e-008	-1.160808e-005	1.160840e-005
0.000000e+000	-1.551724e-002	-3.965517e-002	0.000000e+000	8.096603e-008	-1.052792e-005	1.052823e-005
0.000000e+000	-1.551724e-002	-3.620690e-002	0.000000e+000	7.466225e-008	-9.180075e-006	9.180378e-006
0.000000e+000	-1.551724e-002	-3.275862e-002	0.000000e+000	6.817550e-008	-7.674656e-006	7.674959e-006
0.000000e+000	-1.551724e-002	-2.931034e-002	0.000000e+000	6.151557e-008	-6.117688e-006	6.117998e-006
0.000000e+000	-1.551724e-002	-2.586207e-002	0.000000e+000	5.469389e-008	-4.599876e-006	4.600201e-006
0.000000e+000	-1.551724e-002	-2.241379e-002	0.000000e+000	4.772372e-008	-3.191223e-006	3.191579e-006
0.000000e+000	-1.551724e-002	-1.896552e-002	0.000000e+000	4.062020e-008	-1.940639e-006	1.941065e-006
0.000000e+000	-1.551724e-002	-1.551724e-002	0.000000e+000	3.340024e-008	-8.787924e-007	8.794269e-007
0.000000e+000	-1.551724e-002	-1.206897e-002	0.000000e+000	2.608245e-008	-2.244549e-008	3.441067e-008
0.000000e+000	-1.551724e-002	-8.620690e-003	0.000000e+000	1.868694e-008	6.209963e-007	6.212774e-007
0.000000e+000	-1.551724e-002	-5.172414e-003	0.000000e+000	1.123499e-008	1.049517e-006	1.049577e-006
0.000000e+000	-1.551724e-002	-1.724138e-003	0.000000e+000	3.748821e-009	1.263447e-006	1.263452e-006
0.000000e+000	-1.551724e-002	1.724138e-003	0.000000e+000	-3.748821e-009	1.263447e-006	1.263452e-006
0.000000e+000	-1.551724e-002	5.172414e-003	0.000000e+000	-1.123499e-008	1.049517e-006	1.049577e-006
0.000000e+000	-1.551724e-002	8.620690e-003	0.000000e+000	-1.868694e-008	6.209963e-007	6.212774e-007
0.000000e+000	-1.551724e-002	1.206897e-002	0.000000e+000	-2.608245e-008	-2.244549e-008	3.441067e-008
0.000000e+000	-1.551724e-002	1.551724e-002	0.000000e+000	-3.340024e-008	-8.787924e-007	8.794269e-007
0.000000e+000	-1.551724e-002	1.896552e-002	0.000000e+000	-4.062020e-008	-1.940639e-006	1.941065e-006
0.000000e+000	-1.551724e-002	2.241379e-002	0.000000e+000	-4.772372e-008	-3.191223e-006	3.191579e-006
0.000000e+000	-1.551724e-002	2.586207e-002	0.000000e+000	-5.469389e-008	-4.599876e-006	4.600201e-006
0.000000e+000	-1.551724e-002	2.931034e-002	0.000000e+000	-6.151557e-008	-6.117688e-006	6.117998e-006
0.000000e+000	-1.551724e-002	3.275862e-002	0.000000e+000	-6.817550e-008	-7.674656e-006	7.674959e-006
0.000000e+000	-1.551724e-002	3.620690e-002	0.000000e+000	-7.466225e-008	-9.180075e-006	9.180378e-006
0.000000e+000	-1.551724e-002	3.965517e-002	0.000000e+000	-8.096603e-008	-1.052792e-005	1.052823e-005
0.000000e+000	-1.551724e-002	4.310345e-002	0.000000e+000	-8.707854e-008	-1.160808e-005	1.160840e-005
0.000000e+000	-1.551724e-002	4.655172e-002	0.000000e+000	-9.299262e-008	-1.232242e-005	1.232277e-005
0.000000e+000	-1.551724e-002	5.000000e-002	0.000000e+000	-9.870191e-008	-1.260226e-005	1.260265e-005
0.000000e+000	-1.206897e-002	-5.000000e-002	0.000000e+000	7.651341e-008	-1.260724e-005	1.260747e-005
0.000000e+000	-1.206897e-002	-4.655172e-002	0.000000e+000	7.207537e-008	-1.232759e-005	1.232780e-005
0.000000e+000	-1.206897e-002	-4.310345e-002	0.000000e+000	6.747913e-008	-1.161342e-005	1.161362e-005
0.000000e+000	-1.206897e-002	-3.965517e-002	0.000000e+000	6.273018e-008	-1.053343e-005	1.053362e-005
0.000000e+000	-1.206897e-002	-3.620690e-002	0.000000e+000	5.783458e-008	-9.185756e-006	9.185938e-006
0.000000e+000	-1.206897e-002	-3.275862e-002	0.000000e+000	5.279919e-008	-7.680494e-006	7.680675e-006
0.000000e+000	-1.206897e-002	-2.931034e-002	0.000000e+000	4.763193e-008	-6.123674e-006	6.123859e-006
0.000000e+000	-1.206897e-002	-2.586207e-002	0.000000e+000	4.234186e-008	-4.605998e-006	4.606193e-006
0.000000e+000	-1.206897e-002	-2.241379e-002	0.000000e+000	3.693936e-008	-3.197468e-006	3.197682e-006
0.000000e+000	-1.206897e-002	-1.896552e-002	0.000000e+000	3.143608e-008	-1.946995e-006	1.947249e-006
0.000000e+000	-1.206897e-002	-1.551724e-002	0.000000e+000	2.584499e-008	-8.852418e-007	8.856190e-007
0.000000e+000	-1.206897e-002	-1.206897e-002	0.000000e+000	2.018023e-008	-2.897180e-008	3.530732e-008
0.000000e+000	-1.206897e-002	-8.620690e-003	0.000000e+000	1.445700e-008	6.144112e-007	6.145813e-007
0.000000e+000	-1.206897e-002	-5.172414e-003	0.000000e+000	8.691349e-009	1.042892e-006	1.042928e-006
0.000000e+000	-1.206897e-002	-1.724138e-003	0.000000e+000	2.899988e-009	1.256802e-006	1.256805e-006
0.000000e+000	-1.206897e-002	1.724138e-003	0.000000e+000	-2.899988e-009	1.256802e-006	1.256805e-006
0.000000e+000	-1.206897e-002	5.172414e-003	0.000000e+000	-8.691349e-009	1.042892e-006	1.042928e-006
0.000000e+000	-1.206897e-002	8.620690e-003	0.000000e+000	-1.445700e-008	6.144112e-007	6.145813e-007
0.000000e+000	-1.206897e-002	1.206897e-002	0.000000e+000	-2.018023e-008	-2.897180e-008	3.530732e-008
0.000000e+000	-1.206897e-002	1.551724e-002	0.000000e+000	-2.584499e-008	-8.852418e-007	8.856190e-007
0.000000e+000	-1.206897e-002	1.896552e-002	0.000000e+000	-3.143608e-008	-1.946995e-006	1.947249e-006
0.000000e+000	-1.206897e-002	2.241379e-002	0.000000e+000	-3.693936e-008	-3.197468e-006	3.197682e-006
0.000000e+000	-1.206897e-002	2.586207e-002	0.000000e+000	-4.234186e-008	-4.605998e-006	4.606193e-006
0.000000e+000	-1.206897e-002	2.931034e-002	0.000000e+000	-4.763193e-008	-6.123674e-006	6.123859e-006
0.000000e+000	-1.206897e-002	3.275862e-002	0.000000e+000	-5.279919e-008	-7.680494e-006	7.680675e-006
0.000000e+000	-1.206897e-002	3.620690e-002	0.000000e+000	-5.783458e-008	-9.185756e-006	9.185938e-006
0.000000e+000	-1.206897e-002	3.965517e-002	0.000000e+000	-6.273018e-008	-1.053343e-005	1.053362e-005
0.000000e+000	-1.206897e-002	4.310345e-002	0.000000e+000	-6.747913e-008	-1.161342e-005	1.161362e-005
0.000000e+000	-1.206897e-002	4.655172e-002	0.000000e+000	-7.207537e-008	-1.232759e-005	1.232780e-005
0.000000e+000	-1.206897e-002	5.000000e-002	0.000000e+000	-7.651341e-008	-1.260724e-005	1.260747e-005
0.000000e+000	-8.620690e-003	-5.000000e-002	0.000000e+000	5.451600e-008	-1.261097e-005	1.261109e-005
0.000000e+000	-8.620690e-003	-4.655172e-002	0.000000e+000	5.134767e-008	-1.233146e-005	1.233157e-005
0.000000e+000	-8.620690e-003	-4.310345e-002	0.000000e+000	4.806691e-008	-1.161742e-005	1.161752e-005
0.000000e+000	-8.620690e-003	-3.965517e-002	0.000000e+000	4.467791e-008	-1.053757e-005	1.053766e-005
0.000000e+000	-8.620690e-003	-3.620690e-002	0.000000e+000	4.118524e-008	-9.190010e-006	9.190102e-006
0.000000e+000	-8.620690e-003	-3.275862e-002	0.000000e+000	3.759401e-008	-7.684864e-006	7.684956e-006
0.000000e+000	-8.620690e-003	-2.931034e-002	0.000000e+000	3.391003e-008	-6.128152e-006	6.128246e-006
0.000000e+000	-8.620690e-003	-2.586207e-002	0.000000e+000	3.013986e-008	-4.610577e-006	4.610675e-006
0.000000e+000	-8.620690e-003	-2.241379e-002	0.000000e+000	2.629093e-008	-3.202138e-006	3.202246e-006
0.000000e+000	-8.620690e-003	-1.896552e-002	0.000000e+000	2.237154e-008	-1.951744e-006	1.951872e-006
0.000000e+000	-8.620690e-003	-1.551724e-002	0.000000e+000	1.839082e-008	-8.900596e-007	8.902496e-007
0.000000e+000	-8.620690e-003	-1.206897e-002	0.000000e+000	1.435871e-008	-3.384577e-008	3.676559e-008
0.000000e+000	-8.620690e-003	-8.620690e-003	0.000000e+000	1.028585e-008	6.094944e-007	6.095812e-007
0.000000e+000	-8.620690e-003	-5.172414e-003	0.000000e+000	6.183451e-009	1.037947e-006	1.037965e-006
0.000000e+000	-8.620690e-003	-1.724138e-003	0.000000e+000	2.063149e-009	1.251841e-006	1.251843e-006
0.000000e+000	-8.620690e-003	1.724138e-003	0.000000e+000	-2.063149e-009	1.251841e-006	1.251843e-006
0.000000e+000	-8.620690e-003	5.172414e-003	0.000000e+000	-6.183451e-009	1.037947e-006	1.037965e-006
0.000000e+000	-8.620690e-003	8.620690e-003	0.000000e+000	-1.028585e-008	6.094944e-007	6.095812e-007
0.000000e+000	-8.620690e-003	1.206897e-002	0.000000e+000	-1.435871e-008	-3.384577e-008	3.676559e-008
0.000000e+000	-8.620690e-003	1.551724e-002	0.000000e+000	-1.839082e-008	-8.900596e-007	8.902496e-007
0.000000e+000	-8.620690e-003	1.896552e-002	0.000000e+000	-2.237154e-008	-1.951744e-006	1.951872e-006
0.000000e+000	-8.620690e-003	2.241379e-002	0.000000e+000	-2.629093e-008	-3.202138e-006	3.202246e-006
0.000000e+000	-8.620690e-003	2.586207e-002	0.000000e+000	-3.013986e-008	-4.610577e-006	4.610675e-006
0.000000e+000	-8.620690e-003	2.931034e-002	0.000000e+000	-3.391003e-008	-6.128152e-006	6.128246e-006
0.000000e+000	-8.620690e-003	3.275862e-002	0.000000e+000	-3.759401e-008	-7.684864e-006	7.684956e-006
0.000000e+000	-8.620690e-003	3.620690e-002	0.000000e+000	-4.118524e-008	-9.190010e-006	9.190102e-006
0.000000e+000	-8.620690e-003	3.965517e-002	0.000000e+000	-4.467791e-008	-1.053757e-005	1.053766e-005
0.000000e+000	-8.620690e-003	4.310345e-002	0.000000e+000	-4.806691e-008	-1.161742e-005	1.161752e-005
0.000000e+000	-8.620690e-003	4.655172e-002	0.000000e+000	-5.134767e-008	-1.233146e-005	1.233157e-005
0.000000e+000	-8.620690e-003	5.000000e-002	0.000000e+000	-5.451600e-008	-1.261097e-005	1.261109e-005
0.000000e+000	-5.172414e-003	-5.000000e-002	0.000000e+000	3.265504e-008	-1.261346e-005	1.261350e-005
0.000000e+000	-5.172414e-003	-4.655172e-002	0.000000e+000	3.075482e-008	-1.233404e-005	1.233408e-005
0.000000e+000	-5.172414e-003	-4.310345e-002	0.000000e+000	2.878736e-008	-1.162009e-005	1.162013e-005
0.000000e+000	-5.172414e-003	-3.965517e-002	0.000000e+000	2.675529e-008	-1.054032e-005	1.054035e-005
0.000000e+000	-5.172414e-003	-3.620690e-002	0.000000e+000	2.466143e-008	-9.192843e-006	9.192876e-006
0.000000e+000	-5.172414e-003	-3.275862e-002	0.000000e+000	2.250894e-008	-7.687773e-006	7.687806e-006
0.000000e+000	-5.172414e-003	-2.931034e-002	0.000000e+000	2.030135e-008	-6.131133e-006	6.131167e-006
0.000000e+000	-5.172414e-003	-2.586207e-002	0.000000e+000	1.804264e-008	-4.613623e-006	4.613658e-006
0.000000e+000	-5.172414e-003	-2.241379e-002	0.000000e+000	1.573728e-008	-3.205243e-006	3.205282e-006
0.000000e+000	-5.172414e-003	-1.896552e-002	0.000000e+000	1.339022e-008	-1.954902e-006	1.954948e-006
0.000000e+000	-5.172414e-003	-1.551724e-002	0.000000e+000	1.100691e-008	-8.932626e-007	8.933304e-007
0.000000e+000	-5.172414e-003	-1.206897e-002	0.000000e+000	8.593237e-009	-3.708534e-008	3.806791e-008
0.000000e+000	-5.172414e-003	-8.620690e-003	0.000000e+000	6.155510e-009	6.062269e-007	6.062582e-007
0.000000e+000	-5.172414e-003	-5.172414e-003	0.000000e+000	3.700350e-009	1.034660e-006	1.034667e-006
0.000000e+000	-5.172414e-003	-1.724138e-003	0.000000e+000	1.234629e-009	1.248546e-006	1.248546e-006
0.000000e+000	-5.172414e-003	1.724138e-003	0.000000e+000	-1.234629e-009	1.248546e-006	1.248546e-006
0.000000e+000	-5.172414e-003	5.172414e-003	0.000000e+000	-3.700350e-009	1.034660e-006	1.034667e-006
0.000000e+000	-5.172414e-003	8.620690e-003	0.000000e+000	-6.155510e-009	6.062269e-007	6.062582e-007
0.000000e+000	-5.172414e-003	1.206897e-002	0.000000e+000	-8.593237e-009	-3.708534e-008	3.806791e-008
0.000000e+000	-5.172414e-003	1.551724e-002	0.000000e+000	-1.100691e-008	-8.932626e-007	8.933304e-007
0.000000e+000	-5.172414e-003	1.896552e-002	0.000000e+000	-1.339022e-008	-1.954902e-006	1.954948e-006
0.000000e+000	-5.172414e-003	2.241379e-002	0.000000e+000	-1.573728e-008	-3.205243e-006	3.205282e-006
0.000000e+000	-5.172414e-003	2.586207e-002	0.000000e+000	-1.804264e-008	-4.613623e-006	4.613658e-006
0.000000e+000	-5.172414e-003	2.931034e-002	0.000000e+000	-2.030135e-008	-6.131133e-006	6.131167e-006
0.000000e+000	-5.172414e-003	3.275862e-002	0.000000e+000	-2.250894e-008	-7.687773e-006	7.687806e-006
0.000000e+000	-5.172414e-003	3.620690e-002	0.000000e+000	-2.466143e-008	-9.192843e-006	9.192876e-006
0.000000e+000	-5.172414e-003	3.965517e-002	0.000000e+000	-2.675529e-008	-1.054032e-005	1.054035e-005
0.000000e+000	-5.172414e-003	4.310345e-002	0.000000e+000	-2.878736e-008	-1.162009e-005	1.162013e-005
0.000000e+000	-5.172414e-003	4.655172e-002	0.000000e+000	-3.075482e-008	-1.233404e-005	1.233408e-005
0.000000e+000	-5.172414e-003	5.000000e-002	0.000000e+000	-3.265504e-008	-1.261346e-005	1.261350e-005
0.000000e+000	-1.724138e-003	-5.000000e-002	0.000000e+000	1.087592e-008	-1.261471e-005	1.261471e-005
0.000000e+000	-1.724138e-003	-4.655172e-002	0.000000e+000	1.024265e-008	-1.233533e-005	1.233533e-005
0.000000e+000	-1.724138e-003	-4.310345e-002	0.000000e+000	9.587010e-009	-1.162143e-005	1.162143e-005
0.000000e+000	-1.724138e-003	-3.965517e-002	0.000000e+000	8.909881e-009	-1.054169e-005	1.054170e-005
0.000000e+000	-1.724138e-003	-3.620690e-002	0.000000e+000	8.212226e-009	-9.194258e-006	9.194262e-006
0.000000e+000	-1.724138e-003	-3.275862e-002	0.000000e+000	7.495108e-009	-7.689227e-006	7.689230e-006
0.000000e+000	-1.724138e-003	-2.931034e-002	0.000000e+000	6.759715e-009	-6.132622e-006	6.132625e-006
0.000000e+000	-1.724138e-003	-2.586207e-002	0.000000e+000	6.007379e-009	-4.615144e-006	4.615148e-006
0.000000e+000	-1.724138e-003	-2.241379e-002	0.000000e+000	5.239590e-009	-3.206794e-006	3.206798e-006
0.000000e+000	-1.724138e-003	-1.896552e-002	0.000000e+000	4.457996e-009	-1.956479e-006	1.956484e-006
0.000000e+000	-1.724138e-003	-1.551724e-002	0.000000e+000	3.664407e-009	-8.948613e-007	8.948689e-007
0.000000e+000	-1.724138e-003	-1.206897e-002	0.000000e+000	2.860778e-009	-3.870223e-008	3.880781e-008
0.000000e+000	-1.724138e-003	-8.620690e-003	0.000000e+000	2.049192e-009	6.045962e-007	6.045997e-007
0.000000e+000	-1.724138e-003	-5.172414e-003	0.000000e+000	1.231844e-009	1.033020e-006	1.033021e-006
0.000000e+000	-1.724138e-003	-1.724138e-003	0.000000e+000	4.110043e-010	1.246901e-006	1.246901e-006
0.000000e+000	-1.724138e-003	1.724138e-003	0.000000e+000	-4.110043e-010	1.246901e-006	1.246901e-006
0.000000e+000	-1.724138e-003	5.172414e-003	0.000000e+000	-1.231844e-009	1.033020e-006	1.033021e-006
0.000000e+000	-1.724138e-003	8.620690e-003	0.000000e+000	-2.049192e-009	6.045962e-007	6.045997e-007
0.000000e+000	-1.724138e-003	1.206897e-002	0.000000e+000	-2.860778e-009	-3.870223e-008	3.880781e-008
0.000000e+000	-1.724138e-003	1.551724e-002	0.000000e+000	-3.664407e-009	-8.948613e-007	8.948689e-007
0.000000e+000	-1.724138e-003	1.896552e-002	0.000000e+000	-4.457996e-009	-1.956479e-006	1.956484e-006
0.000000e+000	-1.724138e-003	2.241379e-002	0.000000e+000	-5.239590e-009	-3.206794e-006	3.206798e-006
0.000000e+000	-1.724138e-003	2.586207e-002	0.000000e+000	-6.007379e-009	-4.615144e-006	4.615148e-006
0.000000e+000	-1.724138e-003	2.931034e-002	0.000000e+000	-6.759715e-009	-6.132622e-006	6.132625e-006
0.000000e+000	-1.724138e-003	3.275862e-002	0.000000e+000	-7.495108e-009	-7.689227e-006	7.689230e-006
0.000000e+000	-1.724138e-003	3.620690e-002	0.000000e+000	-8.212226e-009	-9.194258e-006	9.194262e-006
0.000000e+000	-1.724138e-003	3.965517e-002	0.000000e+000	-8.909881e-009	-1.054169e-005	1.054170e-005
0.000000e+000	-1.724138e-003	4.310345e-002	0.000000e+000	-9.587010e-009	-1.162143e-005	1.162143e-005
0.000000e+000	-1.724138e-003	4.655172e-002	0.000000e+000	-1.024265e-008	-1.233533e-005	1.233533e-005
0.000000e+000	-1.724138e-003	5.000000e-002	0.000000e+000	-1.087592e-008	-1.261471e-005	1.261471e-005
0.000000e+000	1.724138e-003	-5.000000e-002	0.000000e+000	-1.087592e-008	-1.261471e-005	1.261471e-005
0.000000e+000	1.724138e-003	-4.655172e-002	0.000000e+000	-1.024265e-008	-1.233533e-005	1.233533e-005
0.000000e+000	1.724138e-003	-4.310345e-002	0.000000e+000	-9.587010e-009	-1.162143e-005	1.162143e-005
0.000000e+000	1.724138e-003	-3.965517e-002	0.000000e+000	-8.909881e-009	-1.054169e-005	1.054170e-005
0.000000e+000	1.724138e-003	-3.620690e-002	0.000000e+000	-8.212226e-009	-9.194258e-006	9.194262e-006
0.000000e+000	1.724138e-003	-3.275862e-002	0.000000e+000	-7.495108e-009	-7.689227e-006	7.689230e-006
0.000000e+000	1.724138e-003	-2.931034e-002	0.000000e+000	-6.759715e-009	-6.132622e-006	6.132625e-006
0.000000e+000	1.724138e-003	-2.586207e-002	0.000000e+000	-6.007379e-009	-4.615144e-006	4.615148e-006
0.000000e+000	1.724138e-003	-2.241379e-002	0.000000e+000	-5.239590e-009	-3.206794e-006	3.206798e-006
0.000000e+000	1.724138e-003	-1.896552e-002	0.000000e+000	-4.457996e-009	-1.956479e-006	1.956484e-006
0.000000e+000	1.724138e-003	-1.551724e-002	0.000000e+000	-3.664407e-009	-8.948613e-007	8.948689e-007
0.000000e+000	1.724138e-003	-1.206897e-002	0.000000e+000	-2.860778e-009	-3.870223e-008	3.880781e-008
0.000000e+000	1.724138e-003	-8.620690e-003	0.000000e+000	-2.049192e-009	6.045962e-007	6.045997e-007
0.000000e+000	1.724138e-003	-5.172414e-003	0.000000e+000	-1.231844e-009	1.033020e-006	1.033021e-006
0.000000e+000	1.724138e-003	-1.724138e-003	0.000000e+000	-4.110043e-010	1.246901e-006	1.246901e-006
0.000000e+000	1.724138e-003	1.724138e-003	0.000000e+000	4.110043e-010	1.246901e-006	1.246901e-006
0.000000e+000	1.724138e-003	5.172414e-003	0.000000e+000	1.231844e-009	1.033020e-006	1.033021e-006
0.000000e+000	1.724138e-003	8.620690e-003	0.000000e+000	2.049192e-009	6.045962e-007	6.045997e-007
0.000000e+000	1.724138e-003	1.206897e-002	0.000000e+000	2.860778e-009	-3.870223e-008	3.880781e-008
0.000000e+000	1.724138e-003	1.551724e-002	0.000000e+000	3.664407e-009	-8.948613e-007	8.948689e-007
0.000000e+000	1.724138e-003	1.896552e-002	0.000000e+000	4.457996e-009	-1.956479e-006	1.956484e-006
0.000000e+000	1.724138e-003	2.241379e-002	0.000000e+000	5.239590e-009	-3.206794e-006	3.206798e-006
0.000000e+000	1.724138e-003	2.586207e-002	0.000000e+000	6.007379e-009	-4.615144e-006	4.615148e-006
0.000000e+000	1.724138e-003	2.931034e-002	0.000000e+000	6.759715e-009	-6.132622e-006	6.132625e-006
0.000000e+000	1.724138e-003	3.275862e-002	0.000000e+000	7.495108e-009	-7.689227e-006	7.689230e-006
0.000000e+000	1.724138e-003	3.620690e-002	0.000000e+000	8.212226e-009	-9.194258e-006	9.194262e-006
0.000000e+000	1.724138e-003	3.965517e-002	0.000000e+000	8.909881e-009	-1.054169e-005	1.054170e-005
0.000000e+000	1.724138e-003	4.310345e-002	0.000000e+000	9.587010e-009	-1.162143e-005	1.162143e-005
0.000000e+000	1.724138e-003	4.655172e-002	0.000000e+000	1.024265e-008	-1.233533e-005	1.233533e-005
0.000000e+000	1.724138e-003	5.000000e-002	0.000000e+000	1.087592e-008	-1.261471e-005	1.261471e-005
0.000000e+000	5.172414e-003	-5.000000e-002	0.000000e+000	-3.265504e-008	-1.261346e-005	1.261350e-005
0.000000e+000	5.172414e-003	-4.655172e-002	0.000000e+000	-3.075482e-008	-1.233404e-005	1.233408e-005
0.000000e+000	5.172414e-003	-4.310345e-002	0.000000e+000	-2.878736e-008	-1.162009e-005	1.162013e-005
0.000000e+000	5.172414e-003	-3.965517e-002	0.000000e+000	-2.675529e-008	-1.054032e-005	1.054035e-005
0.000000e+000	5.172414e-003	-3.620690e-002	0.000000e+000	-2.466143e-008	-9.192843e-006	9.192876e-006
0.000000e+000	5.172414e-003	-3.275862e-002	0.000000e+000	-2.250894e-008	-7.687773e-006	7.687806e-006
0.000000e+000	5.172414e-003	-2.931034e-002	0.000000e+000	-2.030135e-008	-6.131133e-006	6.131167e-006
0.000000e+000	5.172414e-003	-2.586207e-002	0.000000e+000	-1.804264e-008	-4.613623e-006	4.613658e-006
0.000000e+000	5.172414e-003	-2.241379e-002	0.000000e+000	-1.573728e-008	-3.205243e-006	3.205282e-006
0.000000e+000	5.172414e-003	-1.896552e-002	0.000000e+000	-1.339022e-008	-1.954902e-006	1.954948e-006
0.000000e+000	5.172414e-003	-1.551724e-002	0.000000e+000	-1.100691e-008	-8.932626e-007	8.933304e-007
0.000000e+000	5.172414e-003	-1.206897e-002	0.000000e+000	-8.593237e-009	-3.708534e-008	3.806791e-008
0.000000e+000	5.172414e-003	-8.620690e-003	0.000000e+000	-6.155510e-009	6.062269e-007	6.062582e-007
0.000000e+000	5.172414e-003	-5.172414e-003	0.000000e+000	-3.700350e-009	1.034660e-006	1.034667e-006
0.000000e+000	5.172414e-003	-1.724138e-003	0.000000e+000	-1.234629e-009	1.248546e-006	1.248546e-006
0.000000e+000	5.172414e-003	1.724138e-003	0.000000e+000	1.234629e-009	1.248546e-006	1.248546e-006
0.000000e+000	5.172414e-003	5.172414e-003	0.000000e+000	3.700350e-009	1.034660e-006	1.034667e-006
0.000000e+000	5.172414e-003	8.620690e-003	0.000000e+000	6.155510e-009	6.062269e-007	6.062582e-007
0.000000e+000	5.172414e-003	1.206897e-002	0.000000e+000	8.593237e-009	-3.708534e-008	3.806791e-008
0.000000e+000	5.172414e-003	1.551724e-002	0.000000e+000	1.100691e-008	-8.932626e-007	8.933304e-007
0.000000e+000	5.172414e-003	1.896552e-002	0.000000e+000	1.339022e-008	-1.954902e-006	1.954948e-006
0.000000e+000	5.172414e-003	2.241379e-002	0.000000e+000	1.573728e-008	-3.205243e-006	3.205282e-006
0.000000e+000	5.172414e-003	2.586207e-002	0.000000e+000	1.804264e-008	-4.613623e-006	4.613658e-006
0.000000e+000	5.172414e-003	2.931034e-002	0.000000e+000	2.030135e-008	-6.131133e-006	6.131167e-006
0.000000e+000	5.172414e-003	3.275862e-002	0.000000e+000	2.250894e-008	-7.687773e-006	7.687806e-006
0.000000e+000	5.172414e-003	3.620690e-002	0.000000e+000	2.466143e-008	-9.192843e-006	9.192876e-006
0.000000e+000	5.172414e-003	3.965517e-002	0.000000e+000	2.675529e-008	-1.054032e-005	1.054035e-005
0.000000e+000	5.172414e-003	4.310345e-002	0.000000e+000	2.878736e-008	-1.162009e-005	1.162013e-005
0.000000e+000	5.172414e-003	4.655172e-002	0.000000e+000	3.075482e-008	-1.233404e-005	1.233408e-005
0.000000e+000	5.172414e-003	5.000000e-002	0.000000e+000	3.265504e-008	-1.261346e-005	1.261350e-005
0.000000e+000	8.620690e-003	-5.000000e-002	0.000000e+000	-5.451600e-008	-1.261097e-005	1.261109e-005
0.000000e+000	8.620690e-003	-4.655172e-002	0.000000e+000	-5.134767e-008	-1.233146e-005	1.233157e-005
0.000000e+000	8.620690e-003	-4.310345e-002	0.000000e+000	-4.806691e-008	-1.161742e-005	1.161752e-005
0.000000e+000	8.620690e-003	-3.965517e-002	0.000000e+000	-4.467791e-008	-1.053757e-005	1.053766e-005
0.000000e+000	8.620690e-003	-3.620690e-002	0.000000e+000	-4.118524e-008	-9.190010e-006	9.190102e-006
0.000000e+000	8.620690e-003	-3.275862e-002	0.000000e+000	-3.759401e-008	-7.684864e-006	7.684956e-006
0.000000e+000	8.620690e-003	-2.931034e-002	0.000000e+000	-3.391003e-008	-6.128152e-006	6.128246e-006
0.000000e+000	8.620690e-003	-2.586207e-002	0.000000e+000	-3.013986e-008	-4.610577e-006	4.610675e-006
0.000000e+000	8.620690e-003	-2.241379e-002	0.000000e+000	-2.629093e-008	-3.202138e-006	3.202246e-006
0.000000e+000	8.620690e-003	-1.896552e-002	0.000000e+000	-2.237154e-008	-1.951744e-006	1.951872e-006
0.000000e+000	8.620690e-003	-1.551724e-002	0.000000e+000	-1.839082e-008	-8.900596e-007	8.902496e-007
0.000000e+000	8.620690e-003	-1.206897e-002	0.000000e+000	-1.435871e-008	-3.384577e-008	3.676559e-008
0.000000e+000	8.620690e-003	-8.620690e-003	0.000000e+000	-1.028585e-008	6.094944e-007	6.095812e-007
0.000000e+000	8.620690e-003	-5.172414e-003	0.000000e+000	-6.183451e-009	1.037947e-006	1.037965e-006
0.000000e+000	8.620690e-003	-1.724138e-003	0.000000e+000	-2.063149e-009	1.251841e-006	1.251843e-006
0.000000e+000	8.620690e-003	1.724138e-003	0.000000e+000	2.063149e-009	1.251841e-006	1.251843e-006
0.000000e+000	8.620690e-003	5.172414e-003	0.000000e+000	6.183451e-009	1.037947e-006	1.037965e-006
0.000000e+000	8.620690e-003	8.620690e-003	0.000000e+000	1.028585e-008	6.094944e-007	6.095812e-007
0.000000e+000	8.620690e-003	1.206897e-002	0.000000e+000	1.435871e-008	-3.384577e-008	3.676559e-008
0.000000e+000	8.620690e-003	1.551724e-002	0.000000e+000	1.839082e-008	-8.900596e-007	8.902496e-007
0.000000e+000	8.620690e-003	1.896552e-002	0.000000e+000	2.237154e-008	-1.951744e-006	1.951872e-006
0.000000e+000	8.620690e-003	2.241379e-002	0.000000e+000	2.629093e-008	-3.202138e-006	3.202246e-006
0.000000e+000	8.620690e-003	2.586207e-002	0.000000e+000	3.013986e-008	-4.610577e-006	4.610675e-006
0.000000e+000	8.620690e-003	2.931034e-002	0.000000e+000	3.391003e-008	-6.128152e-006	6.128246e-006
0.000000e+000	8.620690e-003	3.275862e-002	0.000000e+000	3.759401e-008	-7.684864e-006	7.684956e-006
0.000000e+000	8.620690e-003	3.620690e-002	0.000000e+000	4.118524e-008	-9.190010e-006	9.190102e-006
0.000000e+000	8.620690e-003	3.965517e-002	0.000000e+000	4.467791e-008	-1.053757e-005	1.053766e-005
0.000000e+000	8.620690e-003	4.310345e-002	0.000000e+000	4.806691e-008	-1.161742e-005	1.161752e-005
0.000000e+000	8.620690e-003	4.655172e-002	0.000000e+000	5.134767e-008	-1.233146e-005	1.233157e-005
0.000000e+000	8.620690e-003	5.000000e-002	0.000000e+000	5.451600e-008	-1.261097e-005	1.261109e-005
0.000000e+000	1.206897e-002	-5.000000e-002	0.000000e+000	-7.651341e-008	-1.260724e-005	1.260747e-005
0.000000e+000	1.206897e-002	-4.655172e-002	0.000000e+000	-7.207537e-008	-1.232759e-005	1.232780e-005
0.000000e+000	1.206897e-002	-4.310345e-002	0.000000e+000	-6.747913e-008	-1.161342e-005	1.161362e-005
0.000000e+000	1.206897e-002	-3.965517e-002	0.000000e+000	-6.273018e-008	-1.053343e-005	1.053362e-005
0.000000e+000	1.206897e-002	-3.620690e-002	0.000000e+000	-5.783458e-008	-9.185756e-006	9.185938e-006
0.000000e+000	1.206897e-002	-3.275862e-002	0.000000e+000	-5.279919e-008	-7.680494e-006	7.680675e-006
0.000000e+000	1.206897e-002	-2.931034e-002	0.000000e+000	-4.763193e-008	-6.123674e-006	6.123859e-006
0.000000e+000	1.206897e-002	-2.586207e-002	0.000000e+000	-4.234186e-008	-4.605998e-006	4.606193e-006
0.000000e+000	1.206897e-002	-2.241379e-002	0.000000e+000	-3.693936e-008	-3.197468e-006	3.197682e-006
0.000000e+000	1.206897e-002	-1.896552e-002	0.000000e+000	-3.143608e-008	-1.946995e-006	1.947249e-006
0.000000e+000	1.206897e-002	-1.551724e-002	0.000000e+000	-2.584499e-008	-8.852418e-007	8.856190e-007
0.000000e+000	1.206897e-002	-1.206897e-002	0.000000e+000	-2.018023e-008	-2.897180e-008	3.530732e-008
0.000000e+000	1.206897e-002	-8.620690e-003	0.000000e+000	-1.445700e-008	6.144112e-007	6.145813e-007
0.000000e+000	1.206897e-002	-5.172414e-003	0.000000e+000	-8.691349e-009	1.042892e-006	1.042928e-006
0.000000e+000	1.206897e-002	-1.724138e-003	0.000000e+000	-2.899988e-009	1.256802e-006	1.256805e-006
0.000000e+000	1.206897e-002	1.724138e-003	0.000000e+000	2.899988e-009	1.256802e-006	1.256805e-006
0.000000e+000	1.206897e-002	5.172414e-003	0.000000e+000	8.691349e-009	1.042892e-006	1.042928e-006
0.000000e+000	1.206897e-002	8.620690e-003	0.000000e+000	1.445700e-008	6.144112e-007	6.145813e-007
0.000000e+000	1.206897e-002	1.206897e-002	0.000000e+000	2.018023e-008	-2.897180e-008	3.530732e-008
0.000000e+000	1.206897e-002	1.551724e-002	0.000000e+000	2.584499e-008	-8.852418e-007	8.856190e-007
0.000000e+000	1.206897e-002	1.896552e-002	0.000000e+000	3.143608e-008	-1.946995e-006	1.947249e-006
0.000000e+000	1.206897e-002	2.241379e-002	0.000000e+000	3.693936e-008	-3.197468e-006	3.197682e-006
0.000000e+000	1.206897e-002	2.586207e-002	0.000000e+000	4.234186e-008	-4.605998e-006	4.606193e-006
0.000000e+000	1.206897e-002	2.931034e-002	0.000000e+000	4.763193e-008	-6.123674e-006	6.123859e-006
0.000000e+000	1.206897e-002	3.275862e-002	0.000000e+000	5.279919e-008	-7.680494e-006	7.680675e-006
0.000000e+000	1.206897e-002	3.620690e-002	0.000000e+000	5.783458e-008	-9.185756e-006	9.185938e-006
0.000000e+000	1.206897e-002	3.965517e-002	0.000000e+000	6.273018e-008	-1.053343e-005	1.053362e-005
0.000000e+000	1.206897e-002	4.310345e-002	0.000000e+000	6.747913e-008	-1.161342e-005	1.161362e-005
0.000000e+000	1.206897e-002	4.655172e-002	0.000000e+000	7.207537e-008	-1.232759e-005	1.232780e-005
0.000000e+000	1.206897e-002	5.000000e-002	0.000000e+000	7.651341e-008	-1.260724e-005	1.260747e-005
0.000000e+000	1.551724e-002	-5.000000e-002	0.000000e+000	-9.870191e-008	-1.260226e-005	1.260265e-005
0.000000e+000	1.551724e-002	-4.655172e-002	0.000000e+000	-9.299262e-008	-1.232242e-005	1.232277e-005
0.000000e+000	1.551724e-002	-4.310345e-002	0.000000e+000	-8.707854e-008	-1.160808e-005	1.160840e-005
0.000000e+000	1.551724e-002	-3.965517e-002	0.000000e+000	-8.096603e-008	-1.052792e-005	1.052823e-005
0.000000e+000	1.551724e-002	-3.620690e-002	0.000000e+000	-7.466225e-008	-9.180075e-006	9.180378e-006
0.000000e+000	1.551724e-002	-3.275862e-002	0.000000e+000	-6.817550e-008	-7.674656e-006	7.674959e-006
0.000000e+000	1.551724e-002	-2.931034e-002	0.000000e+000	-6.151557e-008	-6.117688e-006	6.117998e-006
0.000000e+000	1.551724e-002	-2.586207e-002	0.000000e+000	-5.469389e-008	-4.599876e-006	4.600201e-006
0.000000e+000	1.551724e-002	-2.241379e-002	0.000000e+000	-4.772372e-008	-3.191223e-006	3.191579e-006
0.000000e+000	1.551724e-002	-1.896552e-002	0.000000e+000	-4.062020e-008	-1.940639e-006	1.941065e-006
0.000000e+000	1.551724e-002	-1.551724e-002	0.000000e+000	-3.340024e-008	-8.787924e-007	8.794269e-007
0.000000e+000	1.551724e-002	-1.206897e-002	0.000000e+000	-2.608245e-008	-2.244549e-008	3.441067e-008
0.000000e+000	1.551724e-002	-8.620690e-003	0.000000e+000	-1.868694e-008	6.209963e-007	6.212774e-007
0.000000e+000	1.551724e-002	-5.172414e-003	0.000000e+000	-1.123499e-008	1.049517e-006	1.049577e-006
0.000000e+000	1.551724e-002	-1.724138e-003	0.000000e+000	-3.748821e-009	1.263447e-006	1.263452e-006
0.000000e+000	1.551724e-002	1.724138e-003	0.000000e+000	3.748821e-009	1.263447e-006	1.263452e-006
0.000000e+000	1.551724e-002	5.172414e-003	0.000000e+000	1.123499e-008	1.049517e-006	1.049577e-006
0.000000e+000	1.551724e-002	8.620690e-003	0.000000e+000	1.868694e-008	6.209963e-007	6.212774e-007
0.000000e+000	1.551724e-002	1.206897e-002	0.000000e+000	2.608245e-008	-2.244549e-008	3.441067e-008
0.000000e+000	1.551724e-002	1.551724e-002	0.000000e+000	3.340024e-008	-8.787924e-007	8.794269e-007
0.000000e+000	1.551724e-002	1.896552e-002	0.000000e+000	4.062020e-008	-1.940639e-006	1.941065e-006
0.000000e+000	1.551724e-002	2.241379e-002	0.000000e+000	4.772372e-008	-3.191223e-006	3.191579e-006
0.000000e+000	1.551724e-002	2.586207e-002	0.000000e+000	5.469389e-008	-4.599876e-006	4.600201e-006
0.000000e+000	1.551724e-002	2.931034e-002	0.000000e+000	6.151557e-008	-6.117688e-006	6.117998e-006
0.000000e+000	1.551724e-002	3.275862e-002	0.000000e+000	6.817550e-008	-7.674656e-006	7.674959e-006
0.000000e+000	1.551724e-002	3.620690e-002	0.000000e+000	7.466225e-008	-9.180075e-006	9.180378e-006
0.000000e+000	1.551724e-002	3.965517e-002	0.000000e+000	8.096603e-008	-1.052792e-005	1.052823e-005
0.000000e+000	1.551724e-002	4.310345e-002	0.000000e+000	8.707854e-008	-1.160808e-005	1.160840e-005
0.000000e+000	1.551724e-002	4.655172e-002	0.000000e+000	9.299262e-008	-1.232242e-005	1.232277e-005
0.000000e+000	1.551724e-002	5.000000e-002	0.000000e+000	9.870191e-008	-1.260226e-005	1.260265e-005
0.000000e+000	1.896552e-002	-5.000000e-002	0.000000e+000	-1.211362e-007	-1.259603e-005	1.259661e-005
0.000000e+000	1.896552e-002	-4.655172e-002	0.000000e+000	-1.141550e-007	-1.231596e-005	1.231649e-005
0.000000e+000	1.896552e-002	-4.310345e-002	0.000000e+000	-1.069213e-007	-1.160139e-005	1.160188e-005
0.000000e+000	1.896552e-002	-3.965517e-002	0.000000e+000	-9.944167e-008	-1.052101e-005	1.052148e-005
0.000000e+000	1.896552e-002	-3.620690e-002	0.000000e+000	-9.172388e-008	-9.172960e-006	9.173418e-006
0.000000e+000	1.896552e-002	-3.275862e-002	0.000000e+000	-8.377722e-008	-7.667340e-006	7.667798e-006
0.000000e+000	1.896552e-002	-2.931034e-002	0.000000e+000	-7.561298e-008	-6.110184e-006	6.110652e-006
0.000000e+000	1.896552e-002	-2.586207e-002	0.000000e+000	-6.724478e-008	-4.592196e-006	4.592688e-006
0.000000e+000	1.896552e-002	-2.241379e-002	0.000000e+000	-5.868874e-008	-3.183383e-006	3.183924e-006
0.000000e+000	1.896552e-002	-1.896552e-002	0.000000e+000	-4.996352e-008	-1.932658e-006	1.933304e-006
0.000000e+000	1.896552e-002	-1.551724e-002	0.000000e+000	-4.109027e-008	-8.706890e-007	8.716580e-007
0.000000e+000	1.896552e-002	-1.206897e-002	0.000000e+000	-3.209243e-008	-1.424219e-008	3.511074e-008
0.000000e+000	1.896552e-002	-8.620690e-003	0.000000e+000	-2.299545e-008	6.292760e-007	6.296960e-007
0.000000e+000	1.896552e-002	-5.172414e-003	0.000000e+000	-1.382643e-008	1.057848e-006	1.057939e-006
0.000000e+000	1.896552e-002	-1.724138e-003	0.000000e+000	-4.613697e-009	1.271804e-006	1.271812e-006
0.000000e+000	1.896552e-002	1.724138e-003	0.000000e+000	4.613697e-009	1.271804e-006	1.271812e-006
0.000000e+000	1.896552e-002	5.172414e-003	0.000000e+000	1.382643e-008	1.057848e-006	1.057939e-006
0.000000e+000	1.896552e-002	8.620690e-003	0.000000e+000	2.299545e-008	6.292760e-007	6.296960e-007
0.000000e+000	1.896552e-002	1.206897e-002	0.000000e+000	3.209243e-008	-1.424219e-008	3.511074e-008
0.000000e+000	1.896552e-002	1.551724e-002	0.000000e+000	4.109027e-008	-8.706890e-007	8.716580e-007
0.000000e+000	1.896552e-002	1.896552e-002	0.000000e+000	4.996352e-008	-1.932658e-006	1.933304e-006
0.000000e+000	1.896552e-002	2.241379e-002	0.000000e+000	5.868874e-008	-3.183383e-006	3.183924e-006
0.000000e+000	1.896552e-002	2.586207e-002	0.000000e+000	6.724478e-008	-4.592196e-006	4.592688e-006
0.000000e+000	1.896552e-002	2.931034e-002	0.000000e+000	7.561298e-008	-6.110184e-006	6.110652e-006
0.000000e+000	1.896552e-002	3.275862e-002	0.000000e+000	8.377722e-008	-7.667340e-006	7.667798e-006
0.000000e+000	1.896552e-002	3.620690e-002	0.000000e+000	9.172388e-008	-9.172960e-006	9.173418e-006
0.000000e+000	1.896552e-002	3.965517e-002	0.000000e+000	9.944167e-008	-1.052101e-005	1.052148e-005
0.000000e+000	1.896552e-002	4.310345e-002	0.000000e+000	1.069213e-007	-1.160139e-005	1.160188e-005
0.000000e+000	1.896552e-002	4.655172e-002	0.000000e+000	1.141550e-007	-1.231596e-005	1.231649e-005
0.000000e+000	1.896552e-002	5.000000e-002	0.000000e+000	1.211362e-007	-1.259603e-005	1.259661e-005
0.000000e+000	2.241379e-002	-5.000000e-002	0.000000e+000	-1.438710e-007	-1.258855e-005	1.258938e-005
0.000000e+000	2.241379e-002	-4.655172e-002	0.000000e+000	-1.356192e-007	-1.230820e-005	1.230895e-005
0.000000e+000	2.241379e-002	-4.310345e-002	0.000000e+000	-1.270656e-007	-1.159336e-005	1.159406e-005
0.000000e+000	2.241379e-002	-3.965517e-002	0.000000e+000	-1.182165e-007	-1.051272e-005	1.051338e-005
0.000000e+000	2.241379e-002	-3.620690e-002	0.000000e+000	-1.090791e-007	-9.164404e-006	9.165053e-006
0.000000e+000	2.241379e-002	-3.275862e-002	0.000000e+000	-9.966318e-008	-7.658537e-006	7.659185e-006
0.000000e+000	2.241379e-002	-2.931034e-002	0.000000e+000	-8.998114e-008	-6.101146e-006	6.101809e-006
0.000000e+000	2.241379e-002	-2.586207e-002	0.000000e+000	-8.004848e-008	-4.582939e-006	4.583638e-006
0.000000e+000	2.241379e-002	-2.241379e-002	0.000000e+000	-6.988409e-008	-3.173926e-006	3.174696e-006
0.000000e+000	2.241379e-002	-1.896552e-002	0.000000e+000	-5.951035e-008	-1.923024e-006	1.923945e-006
0.000000e+000	2.241379e-002	-1.551724e-002	0.000000e+000	-4.895293e-008	-8.609022e-007	8.622929e-007
0.000000e+000	2.241379e-002	-1.206897e-002	0.000000e+000	-3.824061e-008	-4.329899e-009	3.848496e-008
0.000000e+000	2.241379e-002	-8.620690e-003	0.000000e+000	-2.740485e-008	6.392844e-007	6.398715e-007
0.000000e+000	2.241379e-002	-5.172414e-003	0.000000e+000	-1.647929e-008	1.067922e-006	1.068049e-006
0.000000e+000	2.241379e-002	-1.724138e-003	0.000000e+000	-5.499194e-009	1.281910e-006	1.281922e-006
0.000000e+000	2.241379e-002	1.724138e-003	0.000000e+000	5.499194e-009	1.281910e-006	1.281922e-006
0.000000e+000	2.241379e-002	5.172414e-003	0.000000e+000	1.647929e-008	1.067922e-006	1.068049e-006
0.000000e+000	2.241379e-002	8.620690e-003	0.000000e+000	2.740485e-008	6.392844e-007	6.398715e-007
0.000000e+000	2.241379e-002	1.206897e-002	0.000000e+000	3.824061e-008	-4.329899e-009	3.848496e-008
0.000000e+000	2.241379e-002	1.551724e-002	0.000000e+000	4.895293e-008	-8.609022e-007	8.622929e-007
0.000000e+000	2.241379e-002	1.896552e-002	0.000000e+000	5.951035e-008	-1.923024e-006	1.923945e-006
0.000000e+000	2.241379e-002	2.241379e-002	0.000000e+000	6.988409e-008	-3.173926e-006	3.174696e-006
0.000000e+000	2.241379e-002	2.586207e-002	0.000000e+000	8.004848e-008	-4.582939e-006	4.583638e-006
0.000000e+000	2.241379e-002	2.931034e-002	0.000000e+000	8.998114e-008	-6.101146e-006	6.101809e-006
0.000000e+000	2.241379e-002	3.275862e-002	0.000000e+000	9.966318e-008	-7.658537e-006	7.659185e-006
0.000000e+000	2.241379e-002	3.620690e-002	0.000000e+000	1.090791e-007	-9.164404e-006	9.165053e-006
0.000000e+000	2.241379e-002	3.965517e-002	0.000000e+000	1.182165e-007	-1.051272e-005	1.051338e-005
0.000000e+000	2.241379e-002	4.310345e-002	0.000000e+000	1.270656e-007	-1.159336e-005	1.159406e-005
0.000000e+000	2.241379e-002	4.655172e-002	0.000000e+000	1.356192e-007	-1.230820e-005	1.230895e-005
0.000000e+000	2.241379e-002	5.000000e-002	0.000000e+000	1.438710e-007	-1.258855e-005	1.258938e-005
0.000000e+000	2.586207e-002	-5.000000e-002	0.000000e+000	-1.669610e-007	-1.257983e-005	1.258094e-005
0.000000e+000	2.586207e-002	-4.655172e-002	0.000000e+000	-1.574434e-007	-1.229916e-005	1.230016e-005
0.000000e+000	2.586207e-002	-4.310345e-002	0.000000e+000	-1.475730e-007	-1.158399e-005	1.158493e-005
0.000000e+000	2.586207e-002	-3.965517e-002	0.000000e+000	-1.373541e-007	-1.050302e-005	1.050392e-005
0.000000e+000	2.586207e-002	-3.620690e-002	0.000000e+000	-1.267929e-007	-9.154401e-006	9.155279e-006
0.000000e+000	2.586207e-002	-3.275862e-002	0.000000e+000	-1.158985e-007	-7.648234e-006	7.649112e-006
0.000000e+000	2.586207e-002	-2.931034e-002	0.000000e+000	-1.046838e-007	-6.090557e-006	6.091457e-006
0.000000e+000	2.586207e-002	-2.586207e-002	0.000000e+000	-9.316584e-008	-4.572084e-006	4.573033e-006
0.000000e+000	2.586207e-002	-2.241379e-002	0.000000e+000	-8.136625e-008	-3.162827e-006	3.163873e-006
0.000000e+000	2.586207e-002	-1.896552e-002	0.000000e+000	-6.931128e-008	-1.911706e-006	1.912962e-006
0.000000e+000	2.586207e-002	-1.551724e-002	0.000000e+000	-5.703161e-008	-8.493957e-007	8.513082e-007
0.000000e+000	2.586207e-002	-1.206897e-002	0.000000e+000	-4.456204e-008	7.331710e-009	4.516115e-008
0.000000e+000	2.586207e-002	-8.620690e-003	0.000000e+000	-3.194086e-008	6.510649e-007	6.518479e-007
0.000000e+000	2.586207e-002	-5.172414e-003	0.000000e+000	-1.920928e-008	1.079783e-006	1.079954e-006
0.000000e+000	2.586207e-002	-1.724138e-003	0.000000e+000	-6.410599e-009	1.293812e-006	1.293828e-006
0.000000e+000	2.586207e-002	1.724138e-003	0.000000e+000	6.410599e-009	1.293812e-006	1.293828e-006
0.000000e+000	2.586207e-002	5.172414e-003	0.000000e+000	1.920928e-008	1.079783e-006	1.079954e-006
0.000000e+000	2.586207e-002	8.620690e-003	0.000000e+000	3.194086e-008	6.510649e-007	6.518479e-007
0.000000e+000	2.586207e-002	1.206897e-002	0.000000e+000	4.456204e-008	7.331710e-009	4.516115e-008
0.000000e+000	2.586207e-002	1.551724e-002	0.000000e+000	5.703161e-008	-8.493957e-007	8.513082e-007
0.000000e+000	2.586207e-002	1.896552e-002	0.000000e+000	6.931128e-008	-1.911706e-006	1.912962e-006
0.000000e+000	2.586207e-002	2.241379e-002	0.000000e+000	8.136625e-008	-3.162827e-006	3.163873e-006
0.000000e+000	2.586207e-002	2.586207e-002	0.000000e+000	9.316584e-008	-4.572084e-006	4.573033e-006
0.000000e+000	2.586207e-002	2.931034e-002	0.000000e+000	1.046838e-007	-6.090557e-006	6.091457e-006
0.000000e+000	2.586207e-002	3.275862e-002	0.000000e+000	1.158985e-007	-7.648234e-006	7.649112e-006
0.000000e+000	2.586207e-002	3.620690e-002	0.000000e+000	1.267929e-007	-9.154401e-006	9.155279e-006
0.000000e+000	2.586207e-002	3.965517e-002	0.000000e+000	1.373541e-007	-1.050302e-005	1.050392e-005
0.000000e+000	2.586207e-002	4.310345e-002	0.000000e+000	1.475730e-007	-1.158399e-005	1.158493e-005
0.000000e+000	2.586207e-002	4.655172e-002	0.000000e+000	1.574434e-007	-1.229916e-005	1.230016e-005
0.000000e+000	2.586207e-002	5.000000e-002	0.000000e+000	1.669610e-007	-1.257983e-005	1.258094e-005
0.000000e+000	2.931034e-002	-5.000000e-002	0.000000e+000	-1.904611e-007	-1.256988e-005	1.257132e-005
0.000000e+000	2.931034e-002	-4.655172e-002	0.000000e+000	-1.796882e-007	-1.228882e-005	1.229013e-005
0.000000e+000	2.931034e-002	-4.310345e-002	0.000000e+000	-1.685089e-007	-1.157327e-005	1.157450e-005
0.000000e+000	2.931034e-002	-3.965517e-002	0.000000e+000	-1.569242e-007	-1.049193e-005	1.049311e-005
0.000000e+000	2.931034e-002	-3.620690e-002	0.000000e+000	-1.449377e-007	-9.142943e-006	9.144092e-006
0.000000e+000	2.931034e-002	-3.275862e-002	0.000000e+000	-1.325567e-007	-7.636419e-006	7.637569e-006
0.000000e+000	2.931034e-002	-2.931034e-002	0.000000e+000	-1.197938e-007	-6.078400e-006	6.079581e-006
0.000000e+000	2.931034e-002	-2.586207e-002	0.000000e+000	-1.066670e-007	-4.559605e-006	4.560852e-006
0.000000e+000	2.931034e-002	-2.241379e-002	0.000000e+000	-9.320075e-008	-3.150051e-006	3.151429e-006
0.000000e+000	2.931034e-002	-1.896552e-002	0.000000e+000	-7.942536e-008	-1.898664e-006	1.900325e-006
0.000000e+000	2.931034e-002	-1.551724e-002	0.000000e+000	-6.537717e-008	-8.361243e-007	8.386763e-007
0.000000e+000	2.931034e-002	-1.206897e-002	0.000000e+000	-5.109786e-008	2.079253e-008	5.516630e-008
0.000000e+000	2.931034e-002	-8.620690e-003	0.000000e+000	-3.663377e-008	6.646711e-007	6.656799e-007
0.000000e+000	2.931034e-002	-5.172414e-003	0.000000e+000	-2.203493e-008	1.093488e-006	1.093710e-006
0.000000e+000	2.931034e-002	-1.724138e-003	0.000000e+000	-7.354145e-009	1.307566e-006	1.307587e-006
0.000000e+000	2.931034e-002	1.724138e-003	0.000000e+000	7.354145e-009	1.307566e-006	1.307587e-006
0.000000e+000	2.931034e-002	5.172414e-003	0.000000e+000	2.203493e-008	1.093488e-006	1.093710e-006
0.000000e+000	2.931034e-002	8.620690e-003	0.000000e+000	3.663377e-008	6.646711e-007	6.656799e-007
0.000000e+000	2.931034e-002	1.206897e-002	0.000000e+000	5.109786e-008	2.079253e-008	5.516630e-008
0.000000e+000	2.931034e-002	1.551724e-002	0.000000e+000	6.537717e-008	-8.361243e-007	8.386763e-007
0.000000e+000	2.931034e-002	1.896552e-002	0.000000e+000	7.942536e-008	-1.898664e-006	1.900325e-006
0.000000e+000	2.931034e-002	2.241379e-002	0.000000e+000	9.320075e-008	-3.150051e-006	3.151429e-006
0.000000e+000	2.931034e-002	2.586207e-002	0.000000e+000	1.066670e-007	-4.559605e-006	4.560852e-006
0.000000e+000	2.931034e-002	2.931034e-002	0.000000e+000	1.197938e-007	-6.078400e-006	6.079581e-006
0.000000e+000	2.931034e-002	3.275862e-002	0.000000e+000	1.325567e-007	-7.636419e-006	7.637569e-006
0.000000e+000	2.931034e-002	3.620690e-002	0.000000e+000	1.449377e-007	-9.142943e-006	9.144092e-006
0.000000e+000	2.931034e-002	3.965517e-002	0.000000e+000	1.569242e-007	-1.049193e-005	1.049311e-005
0.000000e+000	2.931034e-002	4.310345e-002	0.000000e+000	1.685089e-007	-1.157327e-005	1.157450e-005
0.000000e+000	2.931034e-002	4.655172e-002	0.000000e+000	1.796882e-007	-1.228882e-005	1.229013e-005
0.000000e+000	2.931034e-002	5.000000e-002	0.000000e+000	1.904611e-007	-1.256988e-005	1.257132e-005
0.000000e+000	3.275862e-002	-5.000000e-002	0.000000e+000	-2.144259e-007	-1.255870e-005	1.256053e-005
0.000000e+000	3.275862e-002	-4.655172e-002	0.000000e+000	-2.024165e-007	-1.227721e-005	1.227888e-005
0.000000e+000	3.275862e-002	-4.310345e-002	0.000000e+000	-1.899441e-007	-1.156123e-005	1.156279e-005
0.000000e+000	3.275862e-002	-3.965517e-002	0.000000e+000	-1.770041e-007	-1.047945e-005	1.048095e-005
0.000000e+000	3.275862e-002	-3.620690e-002	0.000000e+000	-1.635955e-007	-9.130030e-006	9.131495e-006
0.000000e+000	3.275862e-002	-3.275862e-002	0.000000e+000	-1.497225e-007	-7.623081e-006	7.624552e-006
0.000000e+000	3.275862e-002	-2.931034e-002	0.000000e+000	-1.353959e-007	-6.064654e-006	6.066165e-006
0.000000e+000	3.275862e-002	-2.586207e-002	0.000000e+000	-1.206345e-007	-4.545471e-006	4.547072e-006
0.000000e+000	3.275862e-002	-2.241379e-002	0.000000e+000	-1.054652e-007	-3.135560e-006	3.137333e-006
0.000000e+000	3.275862e-002	-1.896552e-002	0.000000e+000	-8.992279e-008	-1.883852e-006	1.885997e-006
0.000000e+000	3.275862e-002	-1.551724e-002	0.000000e+000	-7.405022e-008	-8.210334e-007	8.243660e-007
0.000000e+000	3.275862e-002	-1.206897e-002	0.000000e+000	-5.789729e-008	3.611369e-008	6.823705e-008
0.000000e+000	3.275862e-002	-8.620690e-003	0.000000e+000	-4.151981e-008	6.801694e-007	6.814354e-007
0.000000e+000	3.275862e-002	-5.172414e-003	0.000000e+000	-2.497843e-008	1.109106e-006	1.109387e-006
0.000000e+000	3.275862e-002	-1.724138e-003	0.000000e+000	-8.337306e-009	1.323245e-006	1.323272e-006
0.000000e+000	3.275862e-002	1.724138e-003	0.000000e+000	8.337306e-009	1.323245e-006	1.323272e-006
0.000000e+000	3.275862e-002	5.172414e-003	0.000000e+000	2.497843e-008	1.109106e-006	1.109387e-006
0.000000e+000	3.275862e-002	8.620690e-003	0.000000e+000	4.151981e-008	6.801694e-007	6.814354e-007
0.000000e+000	3.275862e-002	1.206897e-002	0.000000e+000	5.789729e-008	3.611369e-008	6.823705e-008
0.000000e+000	3.275862e-002	1.551724e-002	0.000000e+000	7.405022e-008	-8.210334e-007	8.243660e-007
0.000000e+000	3.275862e-002	1.896552e-002	0.000000e+000	8.992279e-008	-1.883852e-006	1.885997e-006
0.000000e+000	3.275862e-002	2.241379e-002	0.000000e+000	1.054652e-007	-3.135560e-006	3.137333e-006
0.000000e+000	3.275862e-002	2.586207e-002	0.000000e+000	1.206345e-007	-4.545471e-006	4.547072e-006
0.000000e+000	3.275862e-002	2.931034e-002	0.000000e+000	1.353959e-007	-6.064654e-006	6.066165e-006
0.000000e+000	3.275862e-002	3.275862e-002	0.000000e+000	1.497225e-007	-7.623081e-006	7.624552e-006
0.000000e+000	3.275862e-002	3.620690e-002	0.000000e+000	1.635955e-007	-9.130030e-006	9.131495e-006
0.000000e+000	3.275862e-002	3.965517e-002	0.000000e+000	1.770041e-007	-1.047945e-005	1.048095e-005
0.000000e+000	3.275862e-002	4.310345e-002	0.000000e+000	1.899441e-007	-1.156123e-005	1.156279e-005
0.000000e+000	3.275862e-002	4.655172e-002	0.000000e+000	2.024165e-007	-1.227721e-005	1.227888e-005
0.000000e+000	3.275862e-002	5.000000e-002	0.000000e+000	2.144259e-007	-1.255870e-005	1.256053e-005
0.000000e+000	3.620690e-002	-5.000000e-002	0.000000e+000	-2.389099e-007	-1.254633e-005	1.254860e-005
0.000000e+000	3.620690e-002	-4.655172e-002	0.000000e+000	-2.256950e-007	-1.226435e-005	1.226643e-005
0.000000e+000	3.620690e-002	-4.310345e-002	0.000000e+000	-2.119567e-007	-1.154787e-005	1.154981e-005
0.000000e+000	3.620690e-002	-3.965517e-002	0.000000e+000	-1.976817e-007	-1.046559e-005	1.046746e-005
0.000000e+000	3.620690e-002	-3.620690e-002	0.000000e+000	-1.828616e-007	-9.115661e-006	9.117495e-006
0.000000e+000	3.620690e-002	-3.275862e-002	0.000000e+000	-1.674955e-007	-7.608212e-006	7.610056e-006
0.000000e+000	3.620690e-002	-2.931034e-002	0.000000e+000	-1.515912e-007	-6.049298e-006	6.051197e-006
0.000000e+000	3.620690e-002	-2.586207e-002	0.000000e+000	-1.351672e-007	-4.529652e-006	4.531668e-006
0.000000e+000	3.620690e-002	-2.241379e-002	0.000000e+000	-1.182529e-007	-3.119310e-006	3.121550e-006
0.000000e+000	3.620690e-002	-1.896552e-002	0.000000e+000	-1.008884e-007	-1.867213e-006	1.869937e-006
0.000000e+000	3.620690e-002	-1.551724e-002	0.000000e+000	-8.312428e-008	-8.040569e-007	8.083422e-007
0.000000e+000	3.620690e-002	-1.206897e-002	0.000000e+000	-6.502003e-008	5.336983e-008	8.411862e-008
0.000000e+000	3.620690e-002	-8.620690e-003	0.000000e+000	-4.664303e-008	6.976407e-007	6.991982e-007
0.000000e+000	3.620690e-002	-5.172414e-003	0.000000e+000	-2.806677e-008	1.126723e-006	1.127073e-006
0.000000e+000	3.620690e-002	-1.724138e-003	0.000000e+000	-9.369170e-009	1.340937e-006	1.340970e-006
0.000000e+000	3.620690e-002	1.724138e-003	0.000000e+000	9.369170e-009	1.340937e-006	1.340970e-006
0.000000e+000	3.620690e-002	5.172414e-003	0.000000e+000	2.806677e-008	1.126723e-006	1.127073e-006
0.000000e+000	3.620690e-002	8.620690e-003	0.000000e+000	4.664303e-008	6.976407e-007	6.991982e-007
0.000000e+000	3.620690e-002	1.206897e-002	0.000000e+000	6.502003e-008	5.336983e-008	8.411862e-008
0.000000e+000	3.620690e-002	1.551724e-002	0.000000e+000	8.312428e-008	-8.040569e-007	8.083422e-007
0.000000e+000	3.620690e-002	1.896552e-002	0.000000e+000	1.008884e-007	-1.867213e-006	1.869937e-006
0.000000e+000	3.620690e-002	2.241379e-002	0.000000e+000	1.182529e-007	-3.119310e-006	3.121550e-006
0.000000e+000	3.620690e-002	2.586207e-002	0.000000e+000	1.351672e-007	-4.529652e-006	4.531668e-006
0.000000e+000	3.620690e-002	2.931034e-002	0.000000e+000	1.515912e-007	-6.049298e-006	6.051197e-006
0.000000e+000	3.620690e-002	3.275862e-002	0.000000e+000	1.674955e-007	-7.608212e-006	7.610056e-006
0.000000e+000	3.620690e-002	3.620690e-002	0.000000e+000	1.828616e-007	-9.115661e-006	9.117495e-006
0.000000e+000	3.620690e-002	3.965517e-002	0.000000e+000	1.976817e-007	-1.046559e-005	1.046746e-005
0.000000e+000	3.620690e-002	4.310345e-002	0.000000e+000	2.119567e-007	-1.154787e-005	1.154981e-005
0.000000e+000	3.620690e-002	4.655172e-002	0.000000e+000	2.256950e-007	-1.226435e-005	1.226643e-005
0.000000e+000	3.620690e-002	5.000000e-002	0.000000e+000	2.389099e-007	-1.254633e-005	1.254860e-005
0.000000e+000	3.965517e-002	-5.000000e-002	0.000000e+000	-2.639673e-007	-1.253280e-005	1.253558e-005
0.000000e+000	3.965517e-002	-4.655172e-002	0.000000e+000	-2.495954e-007	-1.225028e-005	1.225282e-005
0.000000e+000	3.965517e-002	-4.310345e-002	0.000000e+000	-2.346343e-007	-1.153323e-005	1.153562e-005
0.000000e+000	3.965517e-002	-3.965517e-002	0.000000e+000	-2.190584e-007	-1.045037e-005	1.045267e-005
0.000000e+000	3.965517e-002	-3.620690e-002	0.000000e+000	-2.028484e-007	-9.099847e-006	9.102108e-006
0.000000e+000	3.965517e-002	-3.275862e-002	0.000000e+000	-1.859951e-007	-7.591806e-006	7.594084e-006
0.000000e+000	3.965517e-002	-2.931034e-002	0.000000e+000	-1.685017e-007	-6.032311e-006	6.034664e-006
0.000000e+000	3.965517e-002	-2.586207e-002	0.000000e+000	-1.503855e-007	-4.512109e-006	4.514614e-006
0.000000e+000	3.965517e-002	-2.241379e-002	0.000000e+000	-1.316782e-007	-3.101247e-006	3.104041e-006
0.000000e+000	3.965517e-002	-1.896552e-002	0.000000e+000	-1.124264e-007	-1.848680e-006	1.852096e-006
0.000000e+000	3.965517e-002	-1.551724e-002	0.000000e+000	-9.268958e-008	-7.851144e-007	7.905669e-007
0.000000e+000	3.965517e-002	-1.206897e-002	0.000000e+000	-7.253949e-008	7.265195e-008	1.026659e-007
0.000000e+000	3.965517e-002	-8.620690e-003	0.000000e+000	-5.205758e-008	7.171845e-007	7.190714e-007
0.000000e+000	3.965517e-002	-5.172414e-003	0.000000e+000	-3.133312e-008	1.146445e-006	1.146873e-006
0.000000e+000	3.965517e-002	-1.724138e-003	0.000000e+000	-1.046091e-008	1.360748e-006	1.360789e-006
0.000000e+000	3.965517e-002	1.724138e-003	0.000000e+000	1.046091e-008	1.360748e-006	1.360789e-006
0.000000e+000	3.965517e-002	5.172414e-003	0.000000e+000	3.133312e-008	1.146445e-006	1.146873e-006
0.000000e+000	3.965517e-002	8.620690e-003	0.000000e+000	5.205758e-008	7.171845e-007	7.190714e-007
0.000000e+000	3.965517e-002	1.206897e-002	0.000000e+000	7.253949e-008	7.265195e-008	1.026659e-007
0.000000e+000	3.965517e-002	1.551724e-002	0.000000e+000	9.268958e-008	-7.851144e-007	7.905669e-007
0.000000e+000	3.965517e-002	1.896552e-002	0.000000e+000	1.124264e-007	-1.848680e-006	1.852096e-006
0.000000e+000	3.965517e-002	2.241379e-002	0.000000e+000	1.316782e-007	-3.101247e-006	3.104041e-006
0.000000e+000	3.965517e-002	2.586207e-002	0.000000e+000	1.503855e-007	-4.512109e-006	4.514614e-006
0.000000e+000	3.965517e-002	2.931034e-002	0.000000e+000	1.685017e-007	-6.032311e-006	6.034664e-006
0.000000e+000	3.965517e-002	3.275862e-002	0.000000e+000	1.859951e-007	-7.591806e-006	7.594084e-006
0.000000e+000	3.965517e-002	3.620690e-002	0.000000e+000	2.028484e-007	-9.099847e-006	9.102108e-006
0.000000e+000	3.965517e-002	3.965517e-002	0.000000e+000	2.190584e-007	-1.045037e-005	1.045267e-005
0.000000e+000	3.965517e-002	4.310345e-002	0.000000e+000	2.346343e-007	-1.153323e-005	1.153562e-005
0.000000e+000	3.965517e-002	4.655172e-002	0.000000e+000	2.495954e-007	-1.225028e-005	1.225282e-005
0.000000e+000	3.965517e-002	5.000000e-002	0.000000e+000	2.639673e-007	-1.253280e-005	1.253558e-005
0.000000e+000	4.310345e-002	-5.000000e-002	0.000000e+000	-2.896517e-007	-1.251818e-005	1.252153e-005
0.000000e+000	4.310345e-002	-4.655172e-002	0.000000e+000	-2.741953e-007	-1.223505e-005	1.223812e-005
0.000000e+000	4.310345e-002	-4.310345e-002	0.000000e+000	-2.580775e-007	-1.151736e-005	1.152025e-005
0.000000e+000	4.310345e-002	-3.965517e-002	0.000000e+000	-2.412545e-007	-1.043383e-005	1.043661e-005
0.000000e+000	4.310345e-002	-3.620690e-002	0.000000e+000	-2.236914e-007	-9.082608e-006	9.085362e-006
0.000000e+000	4.310345e-002	-3.275862e-002	0.000000e+000	-2.053671e-007	-7.573864e-006	7.576647e-006
0.000000e+000	4.310345e-002	-2.931034e-002	0.000000e+000	-1.862777e-007	-6.013674e-006	6.016558e-006
0.000000e+000	4.310345e-002	-2.586207e-002	0.000000e+000	-1.664380e-007	-4.492801e-006	4.495883e-006
0.000000e+000	4.310345e-002	-2.241379e-002	0.000000e+000	-1.458827e-007	-3.081311e-006	3.084762e-006
0.000000e+000	4.310345e-002	-1.896552e-002	0.000000e+000	-1.246657e-007	-1.828173e-006	1.832419e-006
0.000000e+000	4.310345e-002	-1.551724e-002	0.000000e+000	-1.028582e-007	-7.641086e-007	7.710005e-007
0.000000e+000	4.310345e-002	-1.206897e-002	0.000000e+000	-8.054680e-008	9.407136e-008	1.238435e-007
0.000000e+000	4.310345e-002	-8.620690e-003	0.000000e+000	-5.783068e-008	7.389228e-007	7.411824e-007
0.000000e+000	4.310345e-002	-5.172414e-003	0.000000e+000	-3.481866e-008	1.168400e-006	1.168919e-006
0.000000e+000	4.310345e-002	-1.724138e-003	0.000000e+000	-1.162639e-008	1.382813e-006	1.382862e-006
0.000000e+000	4.310345e-002	1.724138e-003	0.000000e+000	1.162639e-008	1.382813e-006	1.382862e-006
0.000000e+000	4.310345e-002	5.172414e-003	0.000000e+000	3.481866e-008	1.168400e-006	1.168919e-006
0.000000e+000	4.310345e-002	8.620690e-003	0.000000e+000	5.783068e-008	7.389228e-007	7.411824e-007
0.000000e+000	4.310345e-002	1.206897e-002	0.000000e+000	8.054680e-008	9.407136e-008	1.238435e-007
0.000000e+000	4.310345e-002	1.551724e-002	0.000000e+000	1.028582e-007	-7.641086e-007	7.710005e-007
0.000000e+000	4.310345e-002	1.896552e-002	0.000000e+000	1.246657e-007	-1.828173e-006	1.832419e-006
0.000000e+000	4.310345e-002	2.241379e-002	0.000000e+000	1.458827e-007	-3.081311e-006	3.084762e-006
0.000000e+000	4.310345e-002	2.586207e-002	0.000000e+000	1.664380e-007	-4.492801e-006	4.495883e-006
0.000000e+000	4.310345e-002	2.931034e-002	0.000000e+000	1.862777e-007	-6.013674e-006	6.016558e-006
0.000000e+000	4.310345e-002	3.275862e-002	0.000000e+000	2.053671e-007	-7.573864e-006	7.576647e-006
0.000000e+000	4.310345e-002	3.620690e-002	0.000000e+000	2.236914e-007	-9.082608e-006	9.085362e-006
0.000000e+000	4.310345e-002	3.965517e-002	0.000000e+000	2.412545e-007	-1.043383e-005	1.043661e-005
0.000000e+000	4.310345e-002	4.310345e-002	0.000000e+000	2.580775e-007	-1.151736e-005	1.152025e-005
0.000000e+000	4.310345e-002	4.655172e-002	0.000000e+000	2.741953e-007	-1.223505e-005	1.223812e-005
0.000000e+000	4.310345e-002	5.000000e-002	0.000000e+000	2.896517e-007	-1.251818e-005	1.252153e-005
0.000000e+000	4.655172e-002	-5.000000e-002	0.000000e+000	-3.160161e-007	-1.250255e-005	1.250655e-005
0.000000e+000	4.655172e-002	-4.655172e-002	0.000000e+000	-2.995811e-007	-1.221875e-005	1.222242e-005
0.000000e+000	4.655172e-002	-4.310345e-002	0.000000e+000	-2.824038e-007	-1.150033e-005	1.150380e-005
0.000000e+000	4.655172e-002	-3.965517e-002	0.000000e+000	-2.644147e-007	-1.041602e-005	1.041937e-005
0.000000e+000	4.655172e-002	-3.620690e-002	0.000000e+000	-2.455567e-007	-9.063979e-006	9.067305e-006
0.000000e+000	4.655172e-002	-3.275862e-002	0.000000e+000	-2.257920e-007	-7.554395e-006	7.557769e-006
0.000000e+000	4.655172e-002	-2.931034e-002	0.000000e+000	-2.051062e-007	-5.993368e-006	5.996877e-006
0.000000e+000	4.655172e-002	-2.586207e-002	0.000000e+000	-1.835107e-007	-4.471683e-006	4.475447e-006
0.000000e+000	4.655172e-002	-2.241379e-002	0.000000e+000	-1.610436e-007	-3.059427e-006	3.063663e-006
0.000000e+000	4.655172e-002	-1.896552e-002	0.000000e+000	-1.377680e-007	-1.805594e-006	1.810842e-006
0.000000e+000	4.655172e-002	-1.551724e-002	0.000000e+000	-1.137703e-007	-7.409207e-007	7.496046e-007
0.000000e+000	4.655172e-002	-1.206897e-002	0.000000e+000	-8.915587e-008	1.177646e-007	1.477067e-007
0.000000e+000	4.655172e-002	-8.620690e-003	0.000000e+000	-6.404627e-008	7.630057e-007	7.656890e-007
0.000000e+000	4.655172e-002	-5.172414e-003	0.000000e+000	-3.857476e-008	1.192748e-006	1.193371e-006
0.000000e+000	4.655172e-002	-1.724138e-003	0.000000e+000	-1.288291e-008	1.407294e-006	1.407353e-006
0.000000e+000	4.655172e-002	1.724138e-003	0.000000e+000	1.288291e-008	1.407294e-006	1.407353e-006
0.000000e+000	4.655172e-002	5.172414e-003	0.000000e+000	3.857476e-008	1.192748e-006	1.193371e-006
0.000000e+000	4.655172e-002	8.620690e-003	0.000000e+000	6.404627e-008	7.630057e-007	7.656890e-007
0.000000e+000	4.655172e-002	1.206897e-002	0.000000e+000	8.915587e-008	1.177646e-007	1.477067e-007
0.000000e+000	4.655172e-002	1.551724e-002	0.000000e+000	1.137703e-007	-7.409207e-007	7.496046e-007
0.000000e+000	4.655172e-002	1.896552e-002	0.000000e+000	1.377680e-007	-1.805594e-006	1.810842e-006
0.000000e+000	4.655172e-002	2.241379e-002	0.000000e+000	1.610436e-007	-3.059427e-006	3.063663e-006
0.000000e+000	4.655172e-002	2.586207e-002	0.000000e+000	1.835107e-007	-4.471683e-006	4.475447e-006
0.000000e+000	4.655172e-002	2.931034e-002	0.000000e+000	2.051062e-007	-5.993368e-006	5.996877e-006
0.000000e+000	4.655172e-002	3.275862e-002	0.000000e+000	2.257920e-007	-7.554395e-006	7.557769e-006
0.000000e+000	4.655172e-002	3.620690e-002	0.000000e+000	2.455567e-007	-9.063979e-006	9.067305e-006
0.000000e+000	4.655172e-002	3.965517e-002	0.000000e+000	2.644147e-007	-1.041602e-005	1.041937e-005
0.000000e+000	4.655172e-002	4.310345e-002	0.000000e+000	2.824038e-007	-1.150033e-005	1.150380e-005
0.000000e+000	4.655172e-002	4.655172e-002	0.000000e+000	2.995811e-007	-1.221875e-005	1.222242e-005
0.000000e+000	4.655172e-002	5.000000e-002	0.000000e+000	3.160161e-007	-1.250255e-005	1.250655e-005
0.000000e+000	5.000000e-002	-5.000000e-002	0.000000e+000	-3.431124e-007	-1.248605e-005	1.249077e-005
0.000000e+000	5.000000e-002	-4.655172e-002	0.000000e+000	-3.258505e-007	-1.220151e-005	1.220586e-005
0.000000e+000	5.000000e-002	-4.310345e-002	0.000000e+000	-3.077540e-007	-1.148226e-005	1.148638e-005
0.000000e+000	5.000000e-002	-3.965517e-002	0.000000e+000	-2.887171e-007	-1.039703e-005	1.040104e-005
0.000000e+000	5.000000e-002	-3.620690e-002	0.000000e+000	-2.686518e-007	-9.044017e-006	9.048007e-006
0.000000e+000	5.000000e-002	-3.275862e-002	0.000000e+000	-2.474969e-007	-7.533424e-006	7.537488e-006
0.000000e+000	5.000000e-002	-2.931034e-002	0.000000e+000	-2.252237e-007	-5.971380e-006	5.975626e-006
0.000000e+000	5.000000e-002	-2.586207e-002	0.000000e+000	-2.018389e-007	-4.448703e-006	4.453279e-006
0.000000e+000	5.000000e-002	-2.241379e-002	0.000000e+000	-1.773848e-007	-3.035511e-006	3.040690e-006
0.000000e+000	5.000000e-002	-1.896552e-002	0.000000e+000	-1.519375e-007	-1.780824e-006	1.787294e-006
0.000000e+000	5.000000e-002	-1.551724e-002	0.000000e+000	-1.256024e-007	-7.154045e-007	7.263467e-007
0.000000e+000	5.000000e-002	-1.206897e-002	0.000000e+000	-9.850990e-008	1.439003e-007	1.743889e-007
0.000000e+000	5.000000e-002	-8.620690e-003	0.000000e+000	-7.080967e-008	7.896185e-007	7.927871e-007
0.000000e+000	5.000000e-002	-5.172414e-003	0.000000e+000	-4.266582e-008	1.219684e-006	1.220430e-006
0.000000e+000	5.000000e-002	-1.724138e-003	0.000000e+000	-1.425212e-008	1.434395e-006	1.434465e-006
0.000000e+000	5.000000e-002	1.724138e-003	0.000000e+000	1.425212e-008	1.434395e-006	1.434465e-006
0.000000e+000	5.000000e-002	5.172414e-003	0.000000e+000	4.266582e-008	1.219684e-006	1.220430e-006
0.000000e+000	5.000000e-002	8.620690e-003	0.000000e+000	7.080967e-008	7.896185e-007	7.927871e-007
0.000000e+000	5.000000e-002	1.206897e-002	0.000000e+000	9.850990e-008	1.439003e-007	1.743889e-007
0.000000e+000	5.000000e-002	1.551724e-002	0.000000e+000	1.256024e-007	-7.154045e-007	7.263467e-007
0.000000e+000	5.000000e-002	1.896552e-002	0.000000e+000	1.519375e-007	-1.780824e-006	1.787294e-006
0.000000e+000	5.000000e-002	2.241379e-002	0.000000e+000	1.773848e-007	-3.035511e-006	3.040690e-006
0.000000e+000	5.000000e-002	2.586207e-002	0.000000e+000	2.018389e-007	-4.448703e-006	4.453279e-006
0.000000e+000	5.000000e-002	2.931034e-002	0.000000e+000	2.252237e-007	-5.971380e-006	5.975626e-006
0.000000e+000	5.000000e-002	3.275862e-002	0.000000e+000	2.474969e-007	-7.533424e-006	7.537488e-006
0.000000e+000	5.000000e-002	3.620690e-002	0.000000e+000	2.686518e-007	-9.044017e-006	9.048007e-006
0.000000e+000	5.000000e-002	3.965517e-002	0.000000e+000	2.887171e-007	-1.039703e-005	1.040104e-005
0.000000e+000	5.000000e-002	4.310345e-002	0.000000e+000	3.077540e-007	-1.148226e-005	1.148638e-005
0.000000e+000	5.000000e-002	4.655172e-002	0.000000e+000	3.258505e-007	-1.220151e-005	1.220586e-005
0.000000e+000	5.000000e-002	5.000000e-002	0.000000e+000	3.431124e-007	-1.248605e-005	1.249077e-005
